5000
4533 1165
3734 1885
4445 1310
2747 2264
4324 3456
4793 2697
4975 3193
3062 4819
2955 3884
4239 450
3613 1788
4625 2088
4930 3546
4414 3586
1701 2277
3665 2997
2468 4400
3971 4004
4354 4374
4734 3707
4240 91
3753 1413
4156 3648
4984 1845
3577 4327
3612 4382
4700 1101
2657 2716
3159 1520
4605 2930
2886 683
4389 2195
3208 4611
3705 3337
4788 106
2734 4213
2853 3018
3096 2522
2064 2808
4221 2138
4688 201
2400 673
4971 1900
4788 3951
2176 1067
4377 566
3028 1642
4673 4407
4990 1134
4790 510
4818 1417
1695 4012
4442 797
4287 3239
2780 3303
4084 3189
3080 2860
3405 2573
2776 1169
4564 2740
4766 308
4504 3957
4410 3973
3529 764
4768 4995
4615 164
4802 4741
3042 4877
3520 1554
4845 502
4478 1522
3779 1366
3955 2437
3172 2957
4784 2642
3352 1288
1629 1792
2789 1677
3539 4074
3579 934
4874 4566
2756 38
4728 2977
4561 38
4865 860
4850 2015
1535 3634
5000 946
4622 2793
873 2894
3147 2676
3820 1185
2397 1810
3890 2829
2810 4507
2039 1645
4261 2010
4801 4001
3420 2718
4524 4493
4458 2744
4964 2457
3670 4726
3894 2875
4915 2475
4953 3144
4542 80
2667 3141
3873 885
4576 126
3889 4411
4782 2765
1716 2221
4763 2899
2330 2018
2884 4129
2688 4522
4493 2842
3256 3963
1727 4686
1234 3400
1970 540
3105 1968
4798 1423
4858 4125
4993 908
4314 464
2039 3614
3245 1849
4483 1393
1888 4636
630 424
4875 518
3708 3391
4617 574
1713 2510
4783 4556
3115 1316
3321 3327
3656 3923
1874 2006
3352 778
4186 690
2106 1349
2475 3736
2017 4600
1829 4525
721 2925
3903 2838
4984 1269
4573 3965
4236 2281
4962 1895
4898 2813
2536 2373
4702 4230
4576 2683
4703 2126
2408 2796
4519 2017
4432 1640
1689 3024
3976 1824
4383 3100
3924 3142
3904 256
4413 4731
1593 4468
2082 4626
4950 1385
3932 4520
3999 393
4354 3474
4563 399
4372 2901
2512 4605
4134 2359
3358 4203
3986 1975
2482 1002
3551 489
1354 4822
4655 4782
3541 3654
2286 2732
4461 4571
1842 2200
3494 3387
4931 1106
3377 2078
3742 1385
3715 3603
4957 4534
4887 543
774 500
4093 4676
3270 2673
2970 1629
3529 1166
4938 4922
4897 2648
4943 2125
4246 4737
4457 3145
4844 3028
4138 4337
4068 2694
3349 4909
3093 539
4057 2211
4388 4934
4881 4892
4796 3436
3866 765
4503 2225
3543 3639
2514 2856
3762 4671
1229 3700
4967 2251
1874 1893
4160 615
3057 3871
3607 2699
2331 1541
1239 549
2635 785
3829 4373
1626 2343
2411 4946
2262 3530
3633 3710
959 3610
4810 3748
1018 3660
3598 2099
4963 272
3773 2290
3119 3738
2948 1082
3435 140
4858 436
3015 4897
4106 783
4241 1712
3464 555
4913 1655
3134 407
1225 3457
4743 4092
3351 3371
4050 886
2656 3112
2703 2515
3579 4825
3456 4541
3667 185
4555 4321
3827 3417
4929 3550
4680 3178
4987 1284
3782 3960
4647 147
4929 3937
4003 3997
3766 640
4804 3404
4965 2286
1705 1793
3120 2272
3311 4965
2910 1276
4899 2043
4080 2379
3685 4693
5000 859
4800 2877
4816 1175
2995 3188
3598 1552
4110 73
4379 2535
3457 2267
4922 794
3791 1178
4720 3474
3670 785
4509 140
4864 4648
1184 37
4909 3510
3910 3689
3425 1681
4652 2658
2757 3343
4367 1145
4433 492
4444 819
4914 1977
3570 4661
2456 1438
1604 2922
2244 4747
4000 2897
4659 2520
4852 1930
3584 2607
3597 356
4096 590
1416 4412
4987 2387
1815 3368
3371 29
1035 470
3058 1430
2835 910
3662 4463
4860 4512
3768 4832
3805 1860
4767 3311
4273 3913
4994 4053
4111 4780
2152 4691
4496 4628
4961 1979
4680 3564
3873 1176
2918 3205
590 2226
2279 4749
3056 3128
4509 2090
1975 3946
2549 3680
4490 3594
3048 1523
4940 2323
3182 1923
1738 1586
4504 4118
4732 1520
4857 582
4404 3694
4681 570
3178 493
2703 2935
4895 4561
4876 326
4625 1262
3701 4663
4122 2506
4525 700
3263 4887
4847 4651
2502 1693
3602 1236
2774 4854
4902 74
3864 1878
1820 1132
2503 2776
2074 10
4527 1883
3827 1965
4507 3584
4794 850
4038 4124
3637 2054
4226 3257
4590 2958
4403 4917
3467 3241
4544 1303
3709 4837
2948 2648
3502 2452
3022 1178
2994 4820
4764 4253
3395 3050
4380 2
3715 3990
1902 595
3723 3003
927 1446
4804 2462
2348 4226
3411 769
4631 3071
4971 2405
3969 2790
566 2965
3976 2804
4991 3196
1146 4101
4888 3414
4416 3966
3397 1283
579 1339
4671 3868
3110 349
4425 2449
4425 905
2120 2025
4155 3936
2013 2258
2350 400
3146 2828
4516 89
1800 4468
3182 3309
4867 3128
4306 4407
2733 4495
4339 2659
4766 4889
2089 1397
4667 2147
2863 1227
3955 1762
4921 1816
3405 2154
4925 536
2658 4484
3669 1650
697 3711
3842 2431
4610 378
4664 3741
3922 1313
4584 2622
4156 187
3840 1190
4843 27
3727 625
3582 898
4071 1538
3297 698
2799 1402
4229 3163
3698 494
382 3785
3876 3662
4832 2606
4572 4489
2363 3785
4880 366
3489 4743
4962 3501
4926 2213
4178 245
4971 4449
4875 1147
1368 4914
1832 2381
4828 686
4933 2092
4034 4212
2655 2810
3981 4041
4632 1732
2558 2715
4708 3226
4579 4169
4612 3224
3569 1560
2630 4199
4139 3020
3808 230
4853 4897
4999 675
2487 4253
1232 2039
4755 3020
2935 4910
4700 1951
1865 1261
1897 1181
4575 2695
4871 1040
4677 4923
1992 836
715 2608
4646 2475
2909 4765
4514 1804
2624 4553
3918 109
4860 4514
3766 193
4987 1194
4748 3019
4996 437
4513 913
3929 3647
651 2197
4201 437
3952 1169
2031 3859
4396 3767
4650 1287
4998 4586
1765 4523
4989 178
4404 130
4396 1120
3402 438
3018 1385
4399 2855
2536 4942
2544 4233
3588 1014
4720 2483
4111 2527
4524 1631
3010 2125
4748 4469
2997 1187
4593 3841
622 4256
4367 3072
4554 2774
2777 3149
3330 2185
4962 3412
4394 152
3039 1051
4000 3064
2428 2519
4782 3351
4312 4115
4108 1152
4403 2029
3963 3585
4977 2277
4170 2399
2596 279
2916 1814
4775 206
3617 1728
4705 1583
4235 4398
3363 596
4959 1713
4166 3062
4880 2248
4455 1977
4255 2542
4277 1804
4679 1775
4616 1766
3773 1324
820 4554
3276 1896
4263 384
3871 3894
4235 1748
2920 3911
4474 3375
2309 378
4563 1020
3859 4210
1612 3989
3340 4094
1645 4311
4748 467
3934 325
1342 221
4606 3798
2932 3330
2164 3537
4906 3152
1523 3945
1844 3163
4927 3990
3977 3854
4357 1124
1166 2693
4732 2978
2990 200
4351 2002
4055 90
2189 954
4895 3479
3356 3651
1718 3677
3028 4820
4638 2694
4999 3023
3690 1299
4753 4290
4249 798
2041 4568
2448 4685
4455 4624
1943 2129
3563 1614
3641 1560
4139 3896
4896 987
3949 1110
3209 808
2914 4379
4914 2516
4175 499
4536 2072
3425 2033
3381 3529
3008 4963
3894 2335
789 76
3227 3344
2685 276
3932 798
4057 4971
2811 2679
3546 4249
4709 2216
4023 3488
4063 284
4993 593
3328 4271
4869 138
4863 2212
4948 602
4973 1072
3600 1659
4014 4261
3980 2601
4890 504
4336 216
2547 238
4750 1335
2913 4151
4743 3699
4498 4687
2220 585
693 579
4795 3403
4260 4825
4088 2258
4477 2490
3984 676
4404 4822
2993 2329
4552 3499
4069 416
4365 1840
2654 1693
3816 1576
2701 17
4055 3407
4518 4601
4314 2417
3605 3026
4387 885
3480 3109
4769 2670
4103 1179
3617 290
4456 3559
1249 129
4675 3152
3927 3008
2359 1495
4341 511
3868 855
2843 2293
4669 3965
3216 275
4228 2790
4952 4445
4193 1658
4534 4655
3881 1671
4016 215
2723 3879
4781 2697
4663 3394
2560 4424
2423 3271
4784 843
1269 3844
4225 3189
2730 803
4685 4086
4272 4688
4594 2716
3748 975
3115 390
4385 4551
4859 4243
3718 3506
4605 4880
1285 2596
3465 2507
4736 4916
4174 2168
4876 4253
4938 3235
1963 1486
4513 4028
3791 1374
4285 2901
3345 3771
4739 2325
3866 4705
4798 4722
3092 1548
2188 4133
4345 2559
3601 4994
3413 2155
3869 4041
3639 3055
4897 1336
1902 1980
4901 1954
2694 2079
3984 2120
3430 933
4979 1067
4386 4796
4306 1001
4021 2612
4426 4167
4291 722
4205 3531
4664 73
4999 3106
2886 1202
4019 3825
4043 1436
701 3254
4963 3324
3529 4639
4543 438
4381 2445
3764 2836
4231 3535
3812 2132
4398 224
4974 166
4470 202
4064 812
2592 4505
3269 2874
3771 3824
3956 4031
4580 696
4790 30
4602 3562
3874 371
3476 739
4709 1529
4492 3911
4893 4699
2267 1599
4415 1877
2532 1675
3495 62
3998 1977
2364 2966
4252 4055
3060 1447
3427 1838
4437 3921
3909 1063
3251 3823
4133 893
1923 1508
3836 3043
2930 4266
4220 3822
4935 4498
4364 1127
4051 4560
4363 3059
2118 3548
2772 407
4997 3357
3941 3317
2357 3304
1108 4805
4252 2878
3338 1301
4887 1198
4516 3993
4138 632
3236 764
4808 2320
4516 681
4855 1423
3954 3519
2316 3711
3758 4451
4573 794
4255 3948
4742 873
4524 4887
939 2574
1897 4346
2759 3722
1289 2738
3536 4212
2346 1095
4803 180
3110 2337
4346 3482
2306 3884
839 1765
4838 79
4706 2222
2713 360
3823 1078
4461 4717
2421 2673
4336 4985
4786 2664
4957 4168
1324 394
4824 2507
4717 355
4982 1841
4820 3631
3575 1867
3301 3743
4012 4113
4684 4617
4274 1206
2910 2266
3449 2958
3168 1447
4669 530
4999 764
4912 2115
4547 4383
1608 4513
4963 213
4599 3439
4998 1544
4457 1808
4582 2031
4785 3461
4050 4640
709 1512
1561 712
1856 1231
3172 4408
3622 591
4586 1114
4468 2155
3224 907
4846 2509
4775 3748
3902 1618
3367 3745
4376 3836
4936 2738
4587 3484
4917 263
4312 70
4094 138
4266 3573
4815 2801
4149 2398
3086 3260
4727 1763
4927 2954
4780 1027
2250 2468
4232 1875
3997 2567
4250 1747
4138 1850
1537 3011
459 2058
3689 2885
4754 101
3973 4750
3710 1964
1050 1360
943 955
4695 242
4966 3949
4111 4517
862 4463
4988 569
4980 2038
1162 722
4827 178
3190 3572
3580 3255
2308 3085
4764 1199
1190 1009
2641 3501
4978 464
2460 2044
3611 2090
3451 203
4736 1618
2654 1065
4960 3911
4335 3723
4808 247
2447 3642
4310 4691
4559 3249
3836 44
2399 162
4830 1219
3462 3813
3261 3659
4921 4664
3822 116
4607 4088
3774 3040
3828 1634
4300 1134
3713 315
3296 390
3924 852
4387 1660
4408 4522
4343 1758
3909 3156
4666 3656
2160 4152
4194 3548
4483 2915
4023 194
4120 3580
3684 3727
3642 4601
4889 485
2572 2870
1200 1782
1476 849
4546 2566
943 1434
2540 445
4781 1420
4383 920
3923 34
4923 4003
2341 1239
4900 2347
3151 4912
615 2235
1979 3179
295 4893
4542 4938
4837 4322
4751 2783
3701 1264
4795 4636
4184 4448
4768 3681
4667 3476
4804 2279
3434 2101
601 2406
4759 2381
3522 2829
4633 4789
4353 3274
2323 1013
3988 314
4119 4729
4693 416
4865 1165
4739 1963
3818 1221
4718 1238
3774 4826
908 4184
4499 2484
3971 1683
4684 1417
4990 4033
1667 3258
3883 990
3649 2786
4759 3174
3974 3320
2861 685
1142 2378
2642 2626
2812 2453
2908 2131
3757 361
4871 4636
4779 2475
3746 4243
3090 3228
4136 564
4947 4541
2326 348
4958 3454
1366 4422
3694 1031
4009 3915
4787 133
4496 2406
4897 1481
3330 2825
3280 4473
4883 480
4584 14
4763 4794
4528 3132
3161 1442
4620 1258
4256 2894
4724 45
3763 4662
1615 2678
3961 1322
3883 1241
4981 3061
3213 4525
2939 1745
2822 2166
3469 4476
2887 2399
4867 3711
3757 640
4634 3086
2059 1111
4093 3333
3189 260
4963 4207
1258 1839
4723 745
3198 3398
4084 2947
4757 733
4580 4335
2016 4201
4342 2866
4215 1841
3728 2676
3578 3339
1878 2443
3693 4129
4375 1908
4700 1158
3142 1477
4339 4634
3017 268
2444 3228
1027 1681
1005 1818
2003 1554
4986 1510
2733 2110
2157 426
4999 2594
1898 1068
3709 2204
4976 4082
4892 1634
3305 2650
3785 886
3818 4776
4352 2238
4982 746
4885 513
1728 4940
4239 4764
2151 3495
3239 4765
4742 1520
4522 3584
3908 3407
3424 3323
1649 3399
4244 3730
4826 676
4629 3144
4360 481
2103 2020
4803 4412
4178 4237
4286 4507
2279 1154
4530 1596
4670 4289
4579 1273
4890 3822
2950 1840
4390 3314
2087 3312
60 4050
4020 2230
2880 244
4429 2496
1348 3259
4685 4429
4481 4331
4973 1204
4888 4897
4938 1745
4447 4963
2569 2598
2853 61
4010 1108
2446 3745
3253 3931
4146 4779
2053 1547
2836 576
4965 1752
4768 3157
4289 708
3852 4987
4813 3889
4818 224
4880 3241
1958 3345
4941 3480
3436 361
471 968
2269 2797
4179 2846
3658 276
3322 1822
3894 1214
2440 3032
4340 305
4391 4120
1341 1101
3058 992
4906 1754
4474 571
4918 3877
4841 394
2050 806
1383 1487
3868 4697
4981 3191
4596 3702
2237 1005
4475 3362
4485 4898
3837 4562
4963 3795
1370 2089
4932 647
4295 1359
3885 3481
4554 60
3569 1760
2811 4665
4572 3490
1912 1054
4338 4615
1942 3909
4009 2015
4862 2834
3464 3605
2259 3954
4337 1072
3948 1332
4766 1847
4610 4122
3570 1908
2953 1175
4450 3994
4193 948
3919 234
4936 3842
3661 4164
4987 1304
1628 4005
4629 4505
4417 1253
1896 1998
3627 2979
2804 191
4857 600
4233 2471
4870 766
1791 2466
4398 3933
4344 881
3094 4278
4718 4528
3791 2223
4964 357
2619 3594
2763 1356
4814 3807
3317 1120
2045 4526
1731 2208
4955 1129
2381 1160
4474 4104
4876 1080
2240 2481
3760 3881
1245 2675
3991 3076
4332 245
4975 2211
4592 1290
3531 1456
4421 2055
4772 2321
4543 2231
4186 3781
3770 1928
4832 3397
4678 1391
3119 3228
2996 38
3595 3633
4488 4439
4628 2512
4365 310
1722 2086
2669 3232
3997 3151
1316 2919
3520 2370
3063 1483
4572 3617
4758 4008
1352 4828
4513 3878
4830 983
1492 2640
4938 1832
4971 2407
4883 3245
4227 3833
1444 63
4774 2864
4072 2924
4407 4476
4401 4193
4635 4201
4351 4921
4863 1923
4221 2553
3918 4451
4558 381
2711 3515
4334 2405
2397 2832
4541 755
4932 4678
3720 4097
4621 2832
3412 4489
4813 4983
4960 4154
949 1865
4809 877
3045 3386
3398 4747
4235 1328
4572 4963
4556 506
2683 3475
2714 481
3466 2143
4394 4215
1432 3386
3948 382
1268 4774
4854 327
1699 2543
3670 3540
3384 2131
4746 444
1475 449
4319 4236
2976 651
3581 1365
1568 3950
3047 4957
4603 2444
3814 393
4706 1317
4596 2866
2060 146
4923 745
4822 3459
3781 3602
3103 511
2631 2569
4684 3357
3409 2712
4852 2054
1634 1571
4553 4781
4301 4347
3286 4276
3154 2712
4895 3444
4526 3054
4712 3747
4347 2641
3768 1426
4711 3208
4982 179
4041 1920
4761 4074
4628 4667
2081 2
4706 2931
3987 3525
3681 3394
4092 1259
3511 923
2523 2292
3768 1310
3006 2234
3695 746
4924 1868
2491 1998
4953 3091
3284 1695
1719 635
4862 1547
4122 847
1063 54
3700 3265
4189 1480
3977 816
3361 3474
1981 2966
4574 1320
3741 4853
3957 3626
4648 3311
4867 300
3022 2524
4076 3721
4747 1746
3053 2256
2542 2457
4648 3860
2539 2157
3358 3559
2171 2394
1258 3063
3343 1241
2510 4735
263 754
3002 2385
4814 423
2208 4410
3558 4503
2685 1088
3940 1672
1488 3720
4869 4719
2773 405
4326 309
3913 376
3849 1132
4913 2103
3297 1788
4900 2279
2900 3833
2865 2767
1975 1637
4168 2972
784 2800
3464 791
3115 3464
3146 3103
4668 1307
4431 1199
4508 4333
3679 1082
1201 376
4737 514
4286 4808
4921 3831
735 4211
3499 2381
4670 2771
4708 4536
2822 3229
1107 3550
3998 4594
3026 358
3365 88
4119 2565
2950 3179
4020 2514
2683 2950
4993 896
1525 1422
1758 4576
4412 3287
4522 2036
1778 3705
4734 2791
4849 2729
4583 3962
4738 2888
4474 4273
4360 817
1790 3761
4085 3125
4714 202
4125 639
3816 4787
4186 1650
4997 1542
4521 2391
3195 2772
4995 1911
570 1252
655 2225
2544 1403
4594 452
3756 639
3643 390
4989 3567
3963 3159
4631 2227
4438 3602
4408 4790
4271 697
2533 442
4473 3078
3589 1651
4600 2778
3305 484
3773 3338
4497 3455
4988 2966
3918 370
4350 2352
4736 2772
2708 3955
4730 2305
718 2380
4776 1246
4915 101
4052 4189
3060 2479
3725 832
3058 4643
4927 3917
3494 1228
1747 1054
1763 2827
4814 4656
2822 3089
3988 4524
1329 1513
4755 3945
3594 887
3854 3188
2117 4513
3741 2191
3144 3093
4272 2956
4575 1354
2445 371
4268 950
2230 3664
3442 934
4330 2927
4562 2551
1736 3480
4300 992
1995 4605
4271 3660
3902 2187
4131 3746
4661 138
4905 1804
4691 3069
4678 1878
4329 1762
4852 2882
1809 1452
2819 3912
2791 3688
2831 2342
3510 3878
4802 1881
4819 3143
4597 684
837 1656
4428 335
4969 4520
2358 1727
2624 3586
1743 1181
2042 4097
4555 751
4486 2877
2254 3710
4354 4961
1065 66
4632 334
4964 4840
4344 1858
3664 4855
4528 4264
4832 4827
1503 842
4960 2143
3351 4862
4191 1450
2515 834
2357 1710
3982 2959
4044 4557
3296 4039
1846 4136
4440 2679
4620 4942
4491 2554
3039 4423
4556 1686
4658 1841
3286 222
4783 2222
724 2030
1030 4754
4591 2419
4024 4079
4315 895
4698 724
4022 2729
2494 3710
3075 311
4842 3100
4946 3597
1826 4408
4843 1175
1902 3279
4184 2194
4419 4893
3559 3319
4159 2698
2851 1475
3177 582
3282 2938
4876 4384
4458 1530
733 4895
4638 1463
4428 2020
4987 2021
3251 4691
3359 1503
2679 4653
1118 3839
3830 952
3494 3119
4249 2843
4845 3372
4859 234
2047 2617
4812 146
4489 2914
3568 1712
2545 4011
1801 423
2248 3376
3936 1885
4998 4308
3349 2620
4955 2729
3014 1476
4340 3002
3691 3950
4874 3458
4383 1228
3516 43
3069 4761
2809 779
3353 533
4057 2458
2437 4186
3856 2506
4409 4058
2055 1538
4697 2282
4898 4320
1094 1005
3131 3190
4808 4592
1088 344
4975 581
2950 4630
3133 896
980 4239
4776 4070
1464 4815
4185 1491
3695 4642
4279 4387
4996 365
1917 4595
2889 3189
4510 3318
1409 2572
4191 1762
3047 1633
4799 385
3648 3212
4995 4508
3601 171
3720 1276
4405 3364
3962 1657
4345 3654
4915 4244
2452 158
3307 2754
4202 1540
4673 973
4780 539
3046 3978
4795 2196
4021 4527
4839 1085
4916 2276
4767 2091
4434 2681
4138 2346
3923 4329
4491 942
3466 3783
3016 4665
4207 1288
4286 1705
4966 202
3395 4004
4656 1311
4051 2393
4881 395
4264 3386
4650 1738
4980 3261
3957 1485
5000 4005
4748 2292
3584 1064
4514 3798
4890 554
2717 4459
3489 4536
1322 2939
2513 2671
4565 2856
4850 6
4510 4141
4785 3098
3203 1058
2891 438
4577 40
4502 7
4633 4801
4934 2686
4777 4291
4310 1730
3811 3505
3743 4578
4729 653
3854 3906
4559 1797
4114 169
3818 2362
4583 799
3395 1371
4349 901
4953 3029
4888 3647
3593 914
3591 3858
4997 4550
4557 3563
4190 190
4047 89
1548 2932
4641 1512
4657 2363
4332 1654
4877 3241
3287 2325
3376 4579
1970 4166
4399 2025
3758 4293
3661 4940
2177 1083
3695 3376
4235 1577
3118 3500
443 1853
4906 1879
1126 1354
3941 2242
2002 2389
4282 4993
4818 4554
4610 2854
4486 1162
2021 4447
4793 1228
4993 1205
2611 1461
2445 2579
4479 1817
1880 383
1688 224
2894 4799
780 445
4188 2854
4944 3143
2288 2264
3649 2864
994 1965
3396 3967
4805 504
3586 3947
3948 2804
1392 3168
4714 4638
4016 3572
4999 97
2900 3119
4893 2044
4494 2148
3198 2752
4981 631
4810 317
3781 278
1587 582
3461 4810
4203 3576
3515 885
4375 870
4785 4863
2361 3760
4962 3548
2574 1636
4076 2951
4178 1243
4550 4375
2790 3512
3218 4430
4750 1703
4706 1705
4036 2482
4862 4915
4706 3566
4730 723
3853 286
4190 958
4585 4203
4989 1308
4302 2472
4833 1532
1476 2677
4666 4818
4656 1758
4104 4398
4933 2702
4417 2597
4828 4032
4793 1478
4368 1760
4610 4052
4763 3074
4325 2419
3149 2380
4928 1181
2515 3909
3559 4239
4345 3892
2079 4126
2744 3443
4494 4360
1172 1375
4807 3287
4643 1992
4721 606
4779 251
4991 4283
2925 2788
4701 2936
4323 2725
2562 664
4533 2564
4991 4374
3741 532
2498 2459
4929 2045
3275 4864
4017 1888
4068 3843
1852 2251
4302 4862
4325 461
4538 454
4665 3502
3503 1586
2514 127
2225 3011
3079 2122
4363 3926
4842 1066
4122 2820
4145 3918
4744 369
4578 2887
4135 4413
4140 2570
4029 3850
4260 4884
559 3653
4411 4426
3051 3048
4465 403
4834 410
4892 4770
4820 824
3509 263
3978 3505
1429 2565
3136 4554
4384 942
4942 2605
4583 4590
3913 280
3128 2593
3872 3791
4473 3693
3956 4661
4434 4930
2466 4693
4835 2484
4889 1408
4804 590
4233 2425
3581 3229
4697 1445
2957 4401
4080 1888
4041 4912
4621 1607
3162 2003
2291 2199
2266 3535
3384 615
3162 4450
4036 3280
3178 1780
4106 4148
3801 4209
4381 97
2520 3339
4651 1706
4280 3905
2241 143
2286 3373
1427 1242
3447 207
4007 570
4456 1751
4276 947
3827 2527
3785 4962
4045 1642
4454 931
4940 4686
4936 2145
3550 3637
4302 1987
4666 4478
1998 4770
3817 3190
1316 4124
3785 3471
2535 1377
434 92
4334 1359
4754 1403
4911 1269
2284 4942
3907 659
3512 4079
4648 3731
4887 850
4562 1867
4912 1770
2467 2415
3072 356
1055 7
1262 391
4166 1722
3555 3535
3018 850
2300 502
4619 1645
4575 804
4960 3135
3837 1898
1146 3622
4550 4716
3943 582
4497 1708
3919 1929
2810 619
184 3709
4976 1080
3608 1772
4193 337
4341 1914
2435 350
1417 2777
3789 579
2660 3239
2762 870
3886 1535
2248 123
4767 4771
3633 4417
2631 1548
3300 1240
4467 700
3149 3250
4452 3887
3098 2290
4032 237
1932 3515
2151 469
3752 3151
4102 2011
4856 1770
2549 4893
3957 1623
4297 2962
2056 837
4652 2707
4093 1235
2187 684
4864 4161
3727 3720
1936 3152
3743 3571
3655 1822
4529 1196
3091 34
4878 171
4874 2853
4913 2285
1549 2026
4015 4907
2356 1749
4608 3690
2359 4208
327 1554
4924 4386
3943 462
2985 3045
4608 3922
3914 2425
1380 507
2482 4161
3712 4623
3724 1483
4886 2795
4570 385
2817 3816
4146 2382
4985 3323
2273 1431
3702 308
4513 1692
3454 1981
3087 4529
2158 4470
4984 4324
4772 2758
4316 732
4402 4165
4120 2690
4451 1680
4836 1611
4179 762
1150 3502
4781 1496
4791 3561
2749 1788
3708 3592
4091 1891
3033 1755
4964 1280
4205 4034
3940 432
2463 3178
4759 1629
2507 1473
2886 4867
4993 3684
4649 2198
3571 3372
4025 689
1155 3617
3094 3261
3969 4279
4353 2220
4876 1749
4950 4576
4858 3118
4501 2466
2755 3805
4360 3251
1157 480
4768 2484
3298 3123
1925 1730
3950 1487
4115 2368
4821 4575
1743 3964
4958 4852
2006 3461
4561 812
4842 4548
3229 3761
4579 1711
4077 287
4657 1827
2605 445
2275 1022
4849 4261
4576 4473
3704 2165
4502 4439
1056 2110
4151 4938
3420 4453
2287 4356
2864 983
4844 1791
4963 3203
3470 4846
2672 2636
3975 361
4764 4077
4892 4797
4890 4732
4171 1836
4917 4459
4814 2272
2446 3753
3922 3770
1227 3862
2305 4026
4943 2116
4192 1469
1301 3044
4809 412
3611 3197
4999 4251
4580 4655
2139 3382
2352 587
4412 673
3123 818
3659 3503
4867 2889
4883 4415
4437 1431
3889 1810
3589 3942
2503 4991
3373 4706
4675 2747
3600 3740
1289 4193
4821 2923
2001 3565
4464 3788
1928 1871
3976 1031
4745 2808
4697 1953
2832 2716
4648 2755
3337 3758
4812 359
4332 878
4590 1733
4810 4840
2295 504
3523 4603
4609 3611
4319 1721
3237 269
4230 4446
3791 3989
1982 536
4431 4291
4690 907
4905 1884
2032 2815
4915 975
4666 3158
3861 4745
4991 2322
2925 214
4998 1987
4347 2656
4327 1405
4813 3193
1910 4672
4348 1457
1382 740
799 655
4951 1111
2719 4189
4973 2299
4591 4731
3007 419
433 4362
2731 3807
4935 4627
4753 4312
517 3930
2307 2219
2493 1296
2292 1359
3869 2650
3473 2297
4716 727
3194 1274
2075 1816
2588 1432
4798 3292
3359 71
3937 86
4805 248
4943 234
2326 343
4248 674
4040 1515
2808 581
3596 4215
4100 3244
1608 299
4875 1818
4686 428
1632 3788
4938 3431
4392 2967
4557 3256
2455 770
4446 201
2117 2430
546 492
1294 3680
4992 1394
4046 3908
4495 745
4844 4312
4389 4792
4350 3138
4953 2756
4759 1330
1458 4346
3928 4612
4491 3012
4208 3418
3576 338
3911 3984
4734 4657
3276 4326
4191 544
2538 4701
3278 2695
2741 4235
4217 3158
3476 4508
2577 290
4745 3007
4987 413
4184 1004
4774 3954
3886 1483
4843 3269
3429 562
3706 1007
4036 3470
4556 2898
851 3612
4637 871
3999 2903
1249 3773
3041 4656
4892 4761
3867 4997
4122 2946
4318 2482
3172 2388
4533 1222
4045 692
1624 2478
1456 4143
1605 1591
4310 809
3409 3299
4075 4704
3036 3892
4628 4076
4906 102
1341 3086
2420 4793
4896 4851
4905 3328
3979 688
3212 1041
1296 2003
4994 121
3003 4853
4882 2263
4251 2026
4516 2928
2385 1514
1397 3293
4530 1544
3857 3539
574 3019
3699 1193
4318 1705
4355 1790
4997 1166
4870 142
4225 2180
4143 2755
2062 3956
4726 1038
2336 656
3983 1140
3560 4292
4949 1519
4557 4340
2211 254
4915 1552
811 4207
3493 4066
4814 1639
1071 2945
4724 964
1796 3880
4683 4487
4113 4071
4477 1438
4520 1219
3424 4473
4150 4922
4053 2357
1503 1652
4537 1578
4897 130
2754 586
4189 2808
3586 4931
3350 3478
3485 2144
4123 104
4998 4569
4749 2901
2910 4632
2123 4049
2395 3977
4248 698
5000 3651
4702 1783
4894 2950
3300 1416
4166 2022
1606 3608
3086 1253
2994 4860
4121 844
4975 167
2436 3379
3477 10
4875 427
3067 2247
3209 2588
4201 1205
2939 1721
4405 1011
2336 3967
2240 3196
4527 1110
4819 1246
4819 1035
2329 548
4575 4430
4057 3206
4244 926
2850 1981
4967 747
4605 1161
4986 2051
2875 333
4264 2749
3027 1375
3272 4278
3585 3035
4869 983
4582 4639
3419 82
1628 2229
2753 1213
2184 4687
3437 87
4918 1282
4956 3219
4951 3567
2004 822
4393 3965
4631 1076
3848 618
2572 1896
1007 2292
2193 4610
1868 256
4129 2959
4999 4276
1062 3227
4896 2290
2321 265
3966 492
4000 249
4985 3346
3386 4138
4696 771
3150 3334
4413 400
4966 2398
4963 4526
4301 2549
3692 2257
1581 4439
2074 2339
3461 1520
4933 3543
2362 2011
3997 1716
614 4249
4804 2372
4222 1081
1181 3502
4108 3821
4658 67
2950 4774
1753 2829
4996 2743
4602 2692
4904 3010
2078 2339
4608 3306
4127 756
3539 2753
2378 2650
4954 2412
2694 842
3722 4426
4983 1654
3463 2685
4109 1953
4783 4626
4256 4689
3441 4839
3469 256
4989 637
3783 3973
4106 2610
2497 3995
4642 4465
2220 4548
4711 4399
978 159
4484 857
4361 2200
4118 1976
1904 1742
4827 1965
2784 4482
4544 3720
3951 939
4718 4599
4877 1429
4826 2280
4677 4874
552 4302
4474 2086
4996 512
4583 1046
4892 1140
273 68
2440 3101
4985 4273
4319 4461
3317 3883
4199 361
2009 2017
495 2901
2903 3090
3776 3667
4401 1007
4251 4465
2531 2034
4872 1311
4569 2402
2283 3378
4465 2058
1628 1437
4249 1402
4501 4338
4953 4408
3456 2145
2936 2970
4701 3937
3295 2683
3017 388
3938 2339
4451 3350
4637 135
4538 3347
3323 730
4165 3849
4279 3411
4554 226
3609 1785
3800 1417
4155 1537
4734 3055
4643 2394
4196 4148
3701 1578
3405 2396
4907 4692
4489 1249
3330 2609
4780 1019
4633 2175
4102 4574
4952 2093
4771 3117
4766 3052
4620 1669
4879 4349
4592 1032
4959 3185
4328 4292
3844 1694
4266 3936
3813 1315
4491 4308
4496 2483
2139 974
4158 3651
1728 1210
1693 3215
4512 3715
4811 2238
2836 54
2490 1095
4110 4546
4037 483
4424 3849
3908 706
4869 399
4846 225
3324 4174
4868 3751
4933 2213
4312 4185
2970 2010
3406 2855
3019 3219
2711 4469
4997 4886
1993 452
4246 3256
4942 3820
3407 2954
1369 5000
2438 639
3373 3711
3472 3887
4330 2053
4412 2597
4496 1468
4268 1739
4615 2974
2559 181
4070 4753
2432 603
4631 3279
1570 2855
4239 4061
3710 2728
2931 2051
3598 3440
2295 477
4939 3139
1007 1023
3438 2930
4803 1601
3474 83
3603 142
3098 2656
5000 213
4767 3443
3699 1189
4968 3806
4307 2593
4533 678
4016 4156
4398 1841
4948 1932
3355 1719
3783 2750
4430 2510
2819 436
4240 674
4144 3980
1474 4132
4869 1393
3685 506
3084 1230
2632 1174
3413 1306
4229 2971
3121 1300
4498 3254
3306 4717
4664 2352
4689 2029
4223 1929
1583 506
4406 4139
4919 1044
3217 1921
3696 4218
4500 609
4908 1283
1835 3940
4847 4948
3103 2460
4944 1609
4797 4823
4839 567
1844 1847
2744 3685
4930 907
1424 3369
4554 4322
3187 1806
2396 1777
3976 1499
1253 2944
3613 4091
4974 1926
1573 2726
3745 2685
3976 3711
4702 2567
4032 2505
2300 3179
3587 4134
3511 4308
2677 4125
4448 2406
3694 3395
4500 3928
2988 4307
4164 518
4441 1926
2230 747
4207 4537
3297 2017
2326 1388
1734 2304
3381 4485
4551 4147
4863 4231
3959 2210
4247 1341
4487 1950
3147 3954
3841 2782
3030 1417
4923 1512
4996 3372
4590 4320
2772 2474
3982 1250
3175 4191
3817 1255
4465 4808
4473 4994
2833 2511
4875 3700
4988 2855
3104 3746
3869 2630
3905 4576
4998 4899
4696 1830
1568 2447
1116 2330
4684 2348
1726 2542
4245 487
2954 4670
4120 9
3762 1044
3857 2968
2705 4680
4812 3127
4449 4044
2731 4235
1294 2434
4405 3709
4926 577
4225 2463
4415 2421
4231 4006
4985 3425
3804 1666
3670 4892
2343 444
4383 4470
4877 1091
4109 998
4117 2461
4469 3042
4768 3001
4733 773
4518 4006
4127 3238
3997 369
4657 943
4909 761
966 913
1217 2505
3440 4336
1517 3248
3020 3130
4747 1613
4764 3274
931 3653
2826 3143
4993 422
4486 1540
3984 215
2382 2589
3734 959
4899 1899
3124 335
2948 1255
4955 2717
2840 922
4155 2777
4317 366
3481 4523
3177 148
4842 1972
4437 289
3879 2835
4337 2705
4991 3536
1985 1931
856 1184
4638 1422
499 135
1687 4806
4928 4477
1564 4592
3718 3419
4441 2343
2733 3474
4023 4192
3782 3368
4722 3882
3499 4864
3477 560
4939 2003
3444 1502
2136 2491
4989 1702
4318 4744
2912 3628
4943 2925
4482 3693
2430 4939
3290 2998
3501 86
3176 4118
4963 1754
4773 3327
4054 2291
3623 164
4348 1028
3766 4187
2519 1304
2224 111
3283 4414
4995 1907
3599 3332
3291 4036
4563 4707
4260 1343
4417 2811
4271 1928
736 1658
4382 714
4591 4571
4177 1455
2856 1620
4438 2753
4239 321
2146 3368
4980 3922
4846 3498
3260 1262
4426 2646
3037 3998
4038 401
4513 4901
3352 1940
4716 2633
4373 1753
4134 737
4774 902
3323 1479
4949 2143
4648 342
4199 101
4911 3678
4945 1023
4317 4170
4060 1467
4763 4859
2798 1629
4321 4930
4828 1963
2408 1962
4998 4765
3102 3306
4213 4496
4743 622
4881 284
4725 568
3954 4834
2158 2655
4614 3659
3714 3221
4412 3160
4989 3162
4491 1269
3863 4783
4876 796
2695 2214
215 2887
223 937
4671 3660
2209 2180
4202 2821
3466 4567
4192 1390
4152 2435
4655 3476
4897 3492
3522 1150
4177 3930
4277 800
1507 17
4553 818
2869 1128
3511 3061
2536 1405
3240 1683
4806 2311
2705 2157
2724 3911
4461 4560
4994 2094
1352 3620
4376 3230
4950 1987
2130 4644
4069 1877
4372 3685
4778 1151
3483 399
4004 2329
3545 1077
2350 4905
3519 462
3108 3263
4688 3273
3447 4747
3221 2399
4010 3832
4828 485
4956 1594
617 3794
2271 839
3832 4433
4206 3122
4302 859
2523 3530
2900 4348
3389 3301
4834 4600
4748 2242
4449 3986
4783 112
4108 28
4210 3457
4889 2771
4106 2640
2492 4243
4866 276
3715 624
2950 205
4648 2258
1738 3167
3730 3369
4868 1276
4899 1550
4222 76
3116 4146
4565 5000
2882 549
4650 2253
3457 4683
4774 4587
1824 574
4611 2175
1241 961
4645 1046
4007 970
2335 1682
1853 1295
4399 2491
4341 2681
856 3012
2677 3632
3398 2607
4467 2233
4982 3792
2079 4293
3676 1065
4954 3216
4420 1845
4928 2149
4907 4292
4050 687
4430 1215
4943 2473
3604 4948
4782 3134
4914 427
4022 2753
2512 2921
4836 1260
2919 146
3148 4357
4549 3548
4308 1000
2432 1433
741 3171
2139 4407
4965 1764
3734 249
3453 1331
2800 4995
3358 349
4184 4478
4379 385
4965 2556
3814 380
4627 2116
4673 3601
4875 3459
2849 868
3609 2577
4376 3332
4653 757
4547 2495
3375 2831
4998 460
4823 3759
4652 1219
4590 1155
3265 3868
4807 2697
4567 2038
4095 408
4662 1836
4378 4172
3999 3615
4838 2985
4939 4763
1752 3054
3098 3704
2383 2512
997 3404
4847 3782
4949 89
3712 1692
3623 4584
3163 4495
4901 3348
1607 4010
3055 3540
4962 837
3722 2334
4789 1152
4996 715
4545 3703
4132 1505
3218 3750
4901 3632
4331 2089
4989 3018
3276 2930
4778 2863
3546 3015
3986 4465
3710 4654
826 1819
4070 2133
4318 2255
246 3467
4246 3010
1495 3449
4845 168
1460 4799
4996 3875
4364 2847
4028 465
4953 3050
3419 1972
3895 1130
4130 4104
4620 1614
3302 1941
3150 4864
4708 2919
4467 3313
2892 2373
4617 2359
3737 2896
4392 241
4227 122
4829 1135
3582 1570
4225 777
3109 3711
4568 3445
2769 3667
3560 1377
4105 3142
3243 4931
2864 2716
2802 3637
2491 3870
2952 4182
4582 132
4946 2758
2851 2456
4491 4320
4204 3055
4131 1293
4970 3760
1526 2383
4891 1289
4998 556
3075 2005
1703 915
2474 1983
2824 1508
1948 1196
3175 1084
1680 1422
3793 1062
4848 3376
4834 3114
3964 606
3346 4798
3942 4318
4468 2227
2263 2600
3737 3675
3664 4033
1572 363
2977 4929
3851 1511
1378 4746
3775 1350
4019 3553
614 4580
4914 4457
3309 1715
4606 4781
4339 2555
3982 3887
4553 412
4467 3023
3467 4445
2040 1158
3189 4344
4856 4839
3365 1884
2755 3085
3506 2752
2918 4565
4903 3861
3280 4117
4462 2106
3501 4288
4198 2915
3440 4864
3766 3481
3874 839
4703 994
3584 1612
3762 3145
781 3081
3557 4880
3733 4850
4965 545
4742 299
2456 578
4039 3194
4467 507
1783 898
4485 1962
4336 3658
4267 4448
4494 1748
4221 822
4119 4482
4527 3667
688 4810
4519 1927
4670 1640
3237 1152
1246 1929
4984 3446
4961 2238
4763 1489
3236 4015
4089 854
4922 4302
4980 2142
4367 4221
2640 636
4720 4735
4161 2058
2894 2056
2455 4702
4792 2960
2581 319
4646 511
4070 4505
4770 3372
3198 61
3958 2045
4491 504
4273 3538
2854 2926
2036 435
2640 1148
2352 4039
4337 4788
3753 1231
802 554
4029 4337
4037 1113
2580 4994
4987 3077
4952 3653
2556 3148
4144 3768
3086 4248
3169 493
4956 1809
3608 1731
4990 268
4335 4280
4601 1355
4649 3022
4816 1526
4496 4672
3371 4807
4353 1076
4785 4809
3982 1511
4668 4374
3952 585
4347 3996
1239 4528
4562 2064
4277 4674
4790 2979
4072 2839
4977 4904
4992 1376
2741 3021
4966 4083
4612 3199
4874 3087
4859 4598
3806 3230
4996 1343
3650 160
3464 1019
3617 244
4798 4274
2955 1092
1999 1628
3635 1031
1091 4597
4652 3925
4121 3266
2822 593
4890 237
2128 4659
1415 4198
2028 2011
4926 1727
3755 4716
3050 1177
4090 3516
4916 3453
4192 3839
1884 3813
288 3024
3939 1983
4744 4634
3940 777
597 2479
3809 3059
2758 4601
1421 4037
4936 1195
3765 3100
4916 3424
4571 3929
2410 3268
3520 2425
4952 3957
4233 404
3399 4673
4776 4488
4818 231
4798 2859
4012 3455
4800 4314
2044 815
4706 2593
2666 1032
4809 4047
2255 2307
4151 3104
4661 1928
1731 32
4947 672
4579 2787
1376 586
4798 1824
4211 4703
4178 2584
2812 3840
4023 4499
4525 1490
1085 3039
3359 4069
3788 4259
4993 2135
4035 1387
4508 3802
4107 4929
2987 4071
4444 2908
2304 3114
3104 192
4880 303
2622 2012
4828 4800
4793 3485
3798 3
4267 1963
4981 4567
3685 1973
2753 3004
3384 4754
4886 1905
3891 2537
3437 1974
3786 3986
3537 2957
4205 3317
2838 1463
1257 918
2891 1779
4793 3309
4122 1028
4699 3411
4938 1976
4848 3981
4286 4719
4103 3258
4844 3559
4987 3402
4506 370
2219 3675
4997 1733
4997 2710
2677 584
4895 3794
3045 2437
3482 3006
4866 1976
3840 3494
4987 549
2494 758
4770 157
4537 3944
4745 1620
4608 2741
4812 3461
2857 4576
3430 4410
788 4769
4895 1475
2465 1456
3424 2067
2539 2356
4341 3148
4898 3152
3345 4308
4370 1704
4815 3509
1856 2168
3919 3366
4978 2846
4984 3048
4912 2367
4284 4541
2988 614
3250 3545
4433 4005
2212 3971
3580 210
4222 1319
4443 2409
4583 1505
4425 4954
4830 2646
3144 4976
4575 1461
1946 2390
2137 4099
2450 4342
3953 2010
4050 3558
1080 1731
2961 372
1982 2759
4908 719
4584 106
4544 412
4594 3950
3036 3788
4266 3422
549 2701
4404 1348
4438 4914
4830 412
4427 1559
3362 971
4305 1489
4459 2473
4915 4202
4639 3796
2423 4695
4669 4381
2852 3916
3957 3080
2233 819
3823 2300
4262 1520
4246 4990
4173 2648
4182 4929
3422 4721
4387 1388
3066 3999
4639 3091
3249 4761
4783 4490
248 2056
3491 3808
3726 2913
2570 3240
3825 4966
3343 3147
3206 450
4483 3165
4990 4915
2571 4634
4962 4884
4947 3787
1860 1585
4767 2881
3841 425
2260 1072
3457 3647
4912 998
4764 887
4214 587
4020 3667
4964 832
4701 4829
4190 306
4781 4118
3705 3267
4979 4430
4068 4724
4620 1991
3944 3812
3587 3797
3926 4492
4802 463
4701 3508
4007 836
4047 4597
4474 646
4528 4263
4927 4956
4923 4248
4682 3299
2996 1010
2862 3860
1697 1399
3966 3117
3045 841
1660 1399
4557 2889
4115 994
4125 328
4412 4261
4276 3054
4143 523
4813 3442
4488 4048
4791 4085
4944 1003
1895 3967
4878 4479
2196 1642
4111 4691
4337 3882
2867 4098
4362 2397
3111 349
3993 3112
4809 2318
4343 1086
2680 2928
4997 4668
4924 3798
3597 3241
2258 3186
4980 1769
1750 4291
2446 684
4312 637
3870 2896
3506 3652
4413 1109
1338 4501
4462 1693
4357 1665
4873 4082
3934 3089
3254 2840
4733 4184
4719 3788
4733 3127
3750 3843
2081 1879
4429 3722
3275 2492
4335 793
2791 241
4758 4549
2915 3836
4133 2867
3535 2297
3961 3944
3771 3476
4816 371
1855 3093
4778 514
3184 2675
4312 1228
4829 2727
2087 4203
4095 181
4308 1206
3594 386
3047 1510
3952 3212
4825 1869
4658 404
2277 2317
1678 1348
4923 4529
1391 4537
3573 460
2029 59
2977 4723
4807 2679
2491 1817
4054 2557
4760 4613
4507 1738
3425 2533
2989 3204
4918 3837
1778 1216
4228 1185
892 4272
4902 1872
4883 2621
4679 4635
3707 3912
4154 3377
3252 1953
4875 873
2971 3156
4342 1502
1866 2558
1613 2125
2638 2905
3360 563
2855 2449
4531 4277
1645 3015
4429 2891
4880 1100
4975 3218
2046 2489
3988 16
4452 3145
4668 3549
4972 3494
3911 3563
2987 3401
1300 1453
4330 4052
4962 857
4875 1905
4987 3795
4914 3385
4327 1836
2223 4019
2316 4167
3332 1475
4226 591
4734 691
4415 1533
2765 4928
3453 2300
4764 4289
4912 1826
2866 641
4036 552
3485 3425
1723 3782
4922 1958
4562 4465
2335 1495
4546 1101
4789 2676
3903 787
3416 4974
2417 25
3970 830
3026 1185
1903 4371
3895 4715
2810 2739
2783 2789
4588 2843
4985 768
4668 1556
2632 3273
4845 850
4335 3865
4738 1822
3048 2797
4622 1813
4870 3715
4679 3287
4960 237
3150 2160
4755 747
4897 1228
3001 1922
4480 2668
4737 238
1384 379
2939 1279
3813 2170
3585 1585
2726 4833
2635 2510
3909 4400
1719 4086
4015 1678
4820 1581
1724 3979
4997 2490
4910 2811
4733 3160
4764 1558
1959 4686
4424 1045
2051 116
2086 688
3498 451
3870 4395
3396 4342
4916 4932
4872 690
3255 2859
4563 2033
889 1036
3691 3739
1384 4250
1488 2709
4930 2357
4887 1416
3794 1403
4549 778
2136 147
4689 3574
4499 4787
1335 3174
2216 1712
4666 1016
4897 4516
4763 4599
3932 1982
3397 640
1658 4408
4770 3266
4115 220
2199 3459
1521 619
3011 1844
1904 1764
3771 2300
1620 2136
3689 718
1647 2858
4901 365
3294 2922
4584 3982
4953 4745
3391 751
4953 2933
1597 3430
4284 1922
2296 3296
3680 1285
4698 3486
4478 4185
3820 3211
2695 2780
2360 497
1760 4882
4252 3494
3515 1720
3309 868
4228 2433
2989 1655
4730 957
4769 4748
4666 3469
937 876
4263 3153
3999 1292
4664 3654
4438 4701
4759 3824
523 2574
2879 654
2593 3920
3892 2480
3703 1962
2357 1695
3174 2493
4986 4311
3094 872
3390 4602
4953 1923
3564 1048
4826 3505
4106 2419
4750 106
4997 3613
3870 237
1033 1173
2344 118
4051 2911
3107 3505
3548 2307
4034 4336
4702 591
4528 1228
4992 3334
2718 2721
3249 2924
2903 3004
2656 2341
4811 2396
2265 2865
1683 1868
3507 1819
2936 2293
1257 490
4972 1588
4791 778
3023 2174
4642 3112
4684 1891
4367 1723
3034 1018
4899 1692
4991 3805
3502 646
2190 1111
3565 3169
4893 2464
2554 118
4813 817
4688 773
4310 324
4770 3796
3787 103
4485 2107
4460 2662
4512 4126
3896 4417
3275 3695
4995 2766
3821 921
3480 3059
4006 2796
2252 4488
4325 4378
3823 1492
549 4599
4036 4935
4367 658
2866 3194
1821 4846
3000 1294
4095 323
4367 3746
4193 17
4393 3855
3078 268
4974 2796
4057 4799
4924 2303
4435 3580
3751 4250
4999 1423
4817 1750
4942 2494
3286 188
4270 716
4718 4552
4262 823
1840 894
3085 4193
4223 2941
4733 1914
2894 4687
3903 1577
4970 69
2573 579
4871 368
3717 4504
4771 3791
4546 2994
3311 4601
4937 2878
3272 4692
4815 2899
3725 1580
4026 1151
3541 1288
3866 3106
4575 1768
2623 271
2637 771
4611 2092
2548 3168
1003 2591
4389 850
1815 4492
3677 2205
814 1397
3628 1033
2236 3869
4367 4710
4426 115
3914 1191
4009 1636
4866 4253
2288 3117
4847 3667
4406 2795
3807 4515
4735 1019
1889 3756
4267 1793
1959 918
4942 3855
3169 3308
4980 4378
1867 2499
4942 3387
3215 504
4056 1209
763 1409
4924 714
4928 2207
4776 2328
1099 2289
4761 4735
4221 819
2914 2627
4420 3691
4855 3680
481 4993
4715 55
4157 830
4349 3002
4768 2256
4444 143
3769 1698
4317 2611
3965 2973
4127 1320
4121 2504
4313 479
2814 3697
4960 4448
2599 1596
4001 2528
3392 2089
3979 2846
3125 1194
1728 1546
4485 310
3798 3294
3789 2998
1996 10
2599 4959
3282 506
4186 2677
1735 2866
4797 4691
4438 3318
3771 1789
3023 432
4212 3805
1930 4315
4766 2972
4831 4277
757 4060
4624 3174
1654 1581
4882 1124
4698 2881
4353 3899
2873 618
3390 4505
2196 779
1354 2821
4055 3913
3317 3081
4847 3192
4092 2303
4137 364
4038 874
2282 3907
2266 4748
4675 3016
4972 3696
3187 2721
3029 1712
1770 340
4400 1735
3372 2175
3619 1777
4660 3020
4313 771
3036 144
3251 4578
3849 4454
4917 1186
4614 513
4244 469
4914 3168
4492 1250
4266 866
4985 515
4436 2633
4778 496
4731 3419
4947 1041
4698 2027
1811 4529
3604 3490
2584 1113
2368 3346
4353 622
4933 100
3141 4776
2855 3132
4649 1172
3675 2322
3336 661
3913 1512
4215 1139
3386 1356
4993 392
4245 4894
1963 999
4574 1506
1385 1776
4871 4719
3330 4590
4985 2453
4152 3990
4119 863
4411 3906
4839 603
4325 3024
3250 4911
1105 1763
4338 4645
3934 4881
4058 1119
790 1983
4545 4171
1778 1555
1912 4570
1675 4948
2236 838
4982 389
3397 3274
3430 3813
4923 3136
4490 3566
3200 1444
4427 1804
4959 605
3344 4881
4298 3296
4817 4445
3870 4293
4977 3684
4819 3547
4921 2757
2574 3654
2293 2018
4837 3752
4065 4862
3995 4412
4582 4662
4672 193
4500 4197
3921 4783
3450 4156
3318 4323
4101 2707
3715 2088
4155 982
4946 2371
4425 3106
4803 431
2053 1137
4986 3955
2509 1128
4948 748
2257 2934
4410 4092
3961 1497
3822 462
4394 328
2060 3369
3723 2185
3290 3143
4302 3695
4847 239
4364 922
4976 2614
3093 1603
2093 4698
4588 3137
4430 786
4492 223
2626 276
4735 2030
4883 1785
4676 2303
3768 3736
4250 3513
4603 2290
3770 821
4884 4578
4844 817
4780 1128
4453 744
2735 4249
4779 1577
3134 2323
1608 2616
1867 4470
4945 1593
4443 2747
4902 746
3622 4527
2981 1164
3386 2911
2030 2301
2761 3915
1950 2960
2654 3670
3648 2892
3960 1398
4614 3694
2641 731
4476 4769
4494 195
4633 3426
2689 4510
4633 1905
4858 2531
4209 2377
4399 2593
3167 2504
2371 2198
4411 4635
3694 3792
3847 3848
4036 4760
4577 4241
2205 149
3032 326
2016 2254
4885 2186
4404 3009
3585 3799
3452 273
3906 964
4448 980
4478 1871
4662 3333
4391 4890
1875 1961
3372 1484
4941 1943
2469 3714
4756 3998
2684 1367
1728 3155
3502 4016
4218 4487
4960 2825
4794 3440
2985 3815
3898 907
2416 1623
2363 2236
4701 1287
3034 1421
4110 4881
674 1230
4975 2551
2026 4471
2911 3889
4508 4523
3133 4127
4321 3439
3078 1046
2584 3958
4594 914
2250 1766
3957 3785
3625 140
3686 676
4789 3624
4807 3599
4876 1972
4970 3914
2774 327
3034 3441
4607 3617
3243 561
4812 4893
4195 1655
1114 4465
4633 684
4591 804
4121 554
2909 475
1840 2710
4863 2574
3875 2743
3395 95
4731 413
4385 4502
4633 777
1180 2557
2644 1111
3490 998
3392 3606
2768 1201
1987 500
4293 3901
4605 3457
3788 2219
4900 3825
1768 4607
4052 2171
3511 2864
4888 4961
4127 1952
4282 1751
3183 4477
4765 4366
4997 929
4883 2739
3189 1254
4372 4470
4041 3266
1610 4932
2819 3076
4636 2515
3008 4461
2462 3860
4949 670
4262 2877
4137 4975
2944 3387
1575 448
4868 4807
4978 3252
4530 2932
3414 1326
719 2499
3401 1797
3621 4808
4075 2847
3939 4661
4879 3566
4959 3220
2682 2719
4647 269
2533 4563
1742 156
1536 505
4071 4885
4930 876
2823 3288
4534 1162
1725 2424
4739 3568
4961 3151
4962 1280
4643 3416
4059 1023
4313 3057
4907 1665
3972 2643
4326 2368
4555 547
4980 4017
3870 3868
4481 1269
4034 706
859 1771
1259 623
3042 1354
2991 2867
2220 4732
4584 1113
4661 3140
2170 3159
3520 1008
3841 2448
4444 1368
4823 2
4541 1545
4623 4274
4979 3046
4901 2731
3775 4843
1979 3205
3726 4912
4404 4954
3656 2892
3600 278
4231 687
3984 80
4861 4945
3742 896
4993 1372
4747 2355
3758 705
3441 462
3641 4127
4206 4556
2751 2797
4907 263
3287 4044
4220 2544
4256 2276
4460 1086
4680 1838
4848 2183
4491 572
716 2119
3073 1661
4856 2801
4835 660
1364 1591
4866 2574
4063 472
4981 3986
4900 2726
4837 128
4367 4823
4852 264
4657 4047
4644 771
4695 3360
4349 4320
3336 935
4141 2672
4296 1169
4738 3744
4699 1129
3813 3341
4551 1332
4572 2332
4946 958
4681 2752
3293 4886
3484 2034
3228 3869
4645 4679
1220 3446
4989 4241
4095 1728
4474 2049
3965 1359
4330 1977
4411 3968
2176 741
4284 2610
737 3390
4999 4011
4749 4192
3412 1669
3385 2181
3469 1281
4263 3184
2094 1169
3433 295
4048 491
2159 4408
4289 3417
3104 2804
4977 4383
4127 2082
3959 4064
4422 3810
4877 257
4947 1811
4718 3859
4630 325
2897 393
4725 402
4789 754
4117 4172
4853 4116
2593 3543
2415 4027
4548 4271
4674 1772
4929 2106
4862 4636
4774 2262
3418 2581
2401 3577
2918 3060
2577 2828
4789 4097
1963 3962
2646 1549
3685 3827
4420 3150
2661 1271
2944 1711
4449 572
3347 882
4407 2794
4412 1458
2706 254
3795 470
4037 2305
4170 3440
4414 2667
4866 4134
4995 1256
816 3007
3811 1936
4091 4900
4475 3538
3094 3312
3705 3041
4587 4309
4988 4399
3072 574
4510 4562
4640 3306
4864 958
4229 2758
2618 3188
4643 3085
4867 2628
1296 2784
3581 763
4887 2324
4620 1139
4933 4162
3383 923
1995 9
4535 68
3811 3951
4746 480
4449 4537
3192 4087
4685 2813
4954 2621
4957 2716
3869 670
1400 826
4980 2208
4479 735
4779 997
631 2790
2060 3123
2471 2357
3379 3186
4813 1180
4852 4538
3882 4144
4713 974
2300 3682
1468 3232
4092 3015
2680 1047
4601 1886
4171 2482
4383 1687
3946 1000
4757 1021
3368 4442
3213 4264
3957 189
1534 191
2828 4670
4667 3374
2235 2961
4143 4204
4861 700
4699 4814
2838 4640
3660 4891
4924 919
4708 1483
1939 569
3859 3298
1162 502
3670 262
3387 895
4450 3899
3667 1735
4940 4758
2956 3306
4988 595
2014 192
1953 4609
4368 524
4576 2973
4820 101
3650 2292
2593 3614
4927 4339
3611 1670
4010 1729
3652 4242
4885 1768
1642 2904
4107 2930
4983 3267
1873 3513
3713 452
4068 1878
2911 3777
4484 4569
2504 3679
4343 1213
1759 641
3429 4927
2650 463
4953 3519
3494 2809
4157 3468
4966 165
2744 2887
4247 1589
3355 2753
3554 4532
4821 3478
3700 4767
4984 3237
3837 2620
3019 2876
4623 2001
4931 2903
3272 95
4985 1536
1088 373
2246 1997
4277 1833
2391 1233
4622 1749
2619 326
3827 4878
3972 3694
3191 1966
4563 3903
4306 4165
4763 1056
3572 543
4907 4065
2347 117
4512 2415
4611 1020
3881 3052
4831 3683
4003 4950
4935 770
4687 4473
3207 3724
4470 2938
4422 3572
3926 1830
4165 1627
2675 1569
3999 1701
3189 1950
2381 3218
4196 3674
3119 1514
4568 610
4861 1704
4485 3380
3859 3133
4058 2223
4142 4308
3058 1717
4662 4240
811 820
4801 1270
1125 1492
3976 3717
3776 1340
3839 3049
3258 4429
4896 4028
3987 1176
3144 680
4505 165
3674 2530
4356 4446
4093 134
4909 4320
4783 2429
4937 379
4530 4647
1783 4373
4734 3186
2643 4216
3830 1624
4269 4706
2463 970
4006 1047
4792 4372
4112 3414
4986 2302
951 3792
3696 990
4328 637
4425 2329
4919 4244
4898 3217
4983 825
4896 806
3019 529
4610 3419
2651 2666
4105 4227
4170 3133
4837 519
1702 376
4452 3864
4246 2318
3469 1938
4568 839
3260 2810
4902 575
2494 4520
4932 4428
4743 4674
3998 331
4823 2403
4941 1134
3509 669
3927 2360
2997 4665
4309 2598
4537 576
2262 1481
3364 1320
1903 1923
3604 4076
3416 3714
4623 3388
4396 2860
3033 3363
4436 253
2514 1369
791 3918
4225 4851
4988 2132
4101 3587
3228 3263
4565 1368
4831 1583
4422 4738
4769 3189
4736 3326
3218 1832
3055 1154
3659 1661
3300 475
3378 3770
4601 264
4201 1667
3308 3006
641 4836
3770 1677
4952 4045
4995 64
2675 2749
667 397
4518 2778
4563 2019
4794 3882
833 1764
3999 430
4885 970
1779 4405
4578 2202
4691 4225
4864 3950
4035 3111
4510 2968
2682 3708
2953 2590
3713 1464
4411 2781
4981 3692
3330 4306
3242 355
4759 1869
2672 1153
4555 2656
2395 218
2120 2665
4874 369
3486 4832
4876 1377
819 3613
4824 1168
4941 4911
3708 2436
4817 2194
4982 3944
4921 3490
4783 4238
2170 986
4987 2096
3222 592
4249 399
4652 2385
4278 4266
4876 2545
4286 1670
3878 388
3556 1792
4601 573
4847 2450
4333 3989
4205 2987
4900 801
3040 3513
2245 881
4355 1010
3347 4129
3254 4173
3737 2016
3578 129
2724 2804
1985 861
4722 3520
3126 4427
3777 697
2974 3082
4593 2401
3265 2593
4816 3833
4960 3906
1730 4914
1122 4004
3675 767
2223 1262
4352 3846
3436 219
3774 709
3574 3822
2522 4026
4391 763
4920 2755
2019 1772
2292 3008
4591 1394
1687 916
2977 1400
2033 1442
2537 3236
4153 2271
4878 3219
4999 2561
3195 2449
407 1099
3231 3089
4444 394
4163 2396
4498 508
4644 4163
4502 390
4977 1309
2919 3565
4664 4303
695 1569
75 2861
3105 2122
4185 4911
2229 2280
4046 360
3407 2120
4403 1100
2362 1367
4998 4080
4987 1448
4120 1727
2772 3115
622 4894
4052 3274
2571 3512
3917 1418
2898 1386
2977 4610
4151 4136
1274 928
3758 1939
1739 1937
4965 4881
4136 3774
4672 3877
4609 4829
4901 1190
1104 1347
2209 2697
4836 3919
4284 4366
4624 4174
3380 1843
4808 2626
3874 1435
4984 2892
2672 3163
4243 1163
4246 291
4173 4220
4754 723
3883 3741
3875 4153
3625 1551
4625 2653
4136 801
4012 3697
4349 3495
2963 1320
1406 2546
4988 527
4620 1578
3682 3450
4698 2364
2668 3704
3049 671
4981 982
3864 3233
2842 437
3215 234
3564 466
3828 3030
2167 4094
3302 1978
1353 4648
4260 2556
3794 4242
3816 2149
1377 4600
4533 1206
3979 3013
4986 2142
4876 4952
4221 2838
3851 2380
2261 1382
4881 1814
4134 2734
4567 3494
1891 920
4593 2613
4028 4453
4031 3206
1155 3464
3587 268
4840 1979
4225 4833
4882 2109
4633 2564
4511 585
4807 182
4143 539
4222 1008
4348 162
4737 3379
3777 1162
3703 3569
3735 4603
4837 209
4029 631
671 2326
4942 310
4110 3970
4695 1530
4962 247
4112 4641
980 3982
1501 4831
1030 4507
2476 234
462 3996
3180 744
2153 2535
3956 81
2463 431
986 1673
4887 49
2965 3670
4479 246
4939 4401
1242 1099
4140 990
3820 1546
4991 2941
3330 994
3297 3395
3664 2030
3492 2486
3156 2743
3844 144
3914 2018
4719 291
4957 1422
3675 4425
4592 1263
1469 843
3150 4033
1089 2845
2689 3374
668 2427
4161 2754
4595 4962
4623 4062
4349 372
4348 108
4441 2334
3437 4560
1208 405
3917 2513
2821 4354
3115 4263
4642 3490
1822 3113
4181 3591
4837 4630
1225 2977
3147 3765
3996 1370
3058 963
4284 4812
4369 1004
3222 2881
4629 1596
2633 3921
4593 3958
4865 4429
4697 2629
3952 972
4974 2798
2985 1461
4046 1761
4890 4280
1300 2764
4958 4011
2084 30
4864 2814
3704 349
4769 4017
2415 3798
4929 4009
3099 1919
1767 4281
4483 2135
4889 2927
3457 3545
4710 1073
4285 236
3986 613
4485 3166
4435 2061
4044 513
4901 1362
4903 1262
4987 1337
1881 115
4988 279
3631 3483
2324 4031
4937 3167
4277 3949
4981 1956
776 2913
4781 4632
957 125
1314 312
4578 3370
4214 3628
2517 2960
1552 1559
4044 582
2762 2759
3886 1657
4010 651
4943 4049
2530 3131
3325 3166
4069 625
3211 1141
3943 2541
4274 2665
4407 2747
3666 681
3870 4901
4404 1899
4525 3656
4366 3537
4021 4871
4966 2074
4590 3992
4155 4873
3735 1685
2712 2372
3897 3861
2475 3290
2425 4611
4176 756
3310 1415
4980 2439
3078 3972
1340 3123
4045 562
4880 1816
4730 3085
4565 3301
2681 1408
3414 3561
4518 938
1036 2769
1799 1890
4457 1504
1897 1336
3912 19
4779 4013
3523 430
4825 639
2795 1492
4287 3255
2478 1115
3410 876
4257 4518
4577 1312
3475 3911
4990 930
1021 579
4880 399
3480 2249
2889 2972
3351 1539
3394 2098
4336 460
3169 4300
3710 44
1391 4418
4902 1940
3493 3744
4560 1676
4750 2843
3030 2634
4918 4438
3857 777
2283 2996
4743 1929
4605 927
4985 2837
2490 3671
4954 597
3343 260
4182 484
4497 1949
4919 19
2387 420
4173 4938
2702 2625
3172 1123
1812 188
1791 4416
736 376
3366 2451
4884 439
4923 1821
4845 3633
3700 1747
3028 4972
3634 77
4875 1641
4848 2815
3602 2442
3684 4371
4944 1966
4444 605
4904 3903
2596 2476
3456 2402
3111 1201
4316 4135
3378 667
4920 714
4965 1391
1775 1422
4908 4087
3264 3602
4487 909
887 4164
4991 1509
4874 3698
4709 4678
1949 356
525 4757
1405 3413
3183 4576
2351 4346
3636 3601
4829 2393
3585 4926
4697 2078
4987 2769
2093 802
4931 1536
4328 3046
2556 180
2144 1738
1049 4392
4664 649
3128 1457
1797 1007
4097 3452
3661 2580
4606 86
4984 4109
2026 3055
3431 3351
2935 1473
4283 3045
3107 1585
3532 580
4979 4079
1437 3655
4280 3472
4979 4620
3685 4607
3833 250
3526 2072
4947 3877
2102 1498
3470 265
1029 2711
2751 2372
3513 873
2843 1994
4531 2198
3781 2650
4960 3001
1240 1670
4382 523
1360 1261
554 4754
4993 2577
4042 230
4445 4017
4596 188
2712 502
4007 1594
1706 3480
4347 348
1228 2068
4414 3614
2145 1047
1036 2239
2994 4101
7
1577 4976 2396
4464 3439 3323
2525 3136 1199
4533 1199 2869
3313 1876 1501
1081 347 651
946 813 3004
5000
2173 2762
3741 767
4899 4689
1754 2369
4402 2262
1659 3431
680 269
1426 413
4877 2556
86 3769
1064 3651
1541 3901
2704 1088
3147 3276
2291 2498
4214 3729
4529 1483
4239 1729
3209 5000
4117 2066
274 654
4003 2447
1034 4889
4298 755
1245 2030
819 1822
1461 2328
1395 1072
3965 3050
1672 740
537 4861
2486 2781
246 3713
1694 3147
1790 1015
4288 1137
380 4422
308 971
2183 594
1515 4342
2181 820
4372 3250
3952 1054
685 54
1022 1208
381 1103
4341 1587
2337 1298
215 1136
2659 2434
222 728
2971 1056
4592 4926
4887 129
827 2104
1075 2801
4916 1779
3189 65
4913 4466
1348 3455
2963 580
1135 4643
3016 1285
2283 2292
1454 3573
810 1833
104 4656
738 1943
2607 1085
61 4140
2457 4152
3945 3419
4361 3894
1285 4930
3667 2055
2103 1107
306 658
2295 4230
3825 801
3131 1337
4139 3398
4932 3643
1776 3377
171 1518
3733 509
1776 561
4228 1275
3563 4406
2391 3437
4389 1671
2779 4316
2354 2854
101 1819
529 1819
287 3624
866 4469
544 404
567 959
359 4964
1693 4377
3537 163
3228 946
1547 1851
1948 1994
4181 322
4464 1319
2801 1673
310 2391
4263 524
583 4217
835 2167
4695 994
1758 2882
4590 230
3888 2120
4892 1518
3241 1550
2395 1398
1076 1870
3876 1973
400 142
1566 3382
2795 35
4604 4252
416 1452
1161 3820
3778 3161
3304 2688
764 1204
1736 2058
4988 4432
3026 484
2993 2180
2316 1939
3557 4785
3403 4182
1706 2092
2814 2047
2762 3318
2729 2181
1476 4473
4645 2038
4645 1620
634 348
4296 4996
259 876
4272 3189
1837 466
297 4395
3899 583
266 3564
2646 1809
1726 2760
4600 3358
515 787
690 362
2867 345
2488 4769
1859 1036
2607 2638
4077 1475
4581 1893
1199 4920
2011 1046
2636 1774
528 1136
2109 3166
126 902
1080 3525
3932 2892
336 1563
1654 2430
4923 4931
2748 4496
893 3396
2554 384
404 685
3533 1404
447 4936
1897 2000
4422 4237
483 2183
1814 2746
3869 4359
1634 3345
2665 4027
2187 1480
1340 3489
549 731
4446 4565
1611 1759
825 1156
2009 921
1167 1778
143 4204
4733 106
3672 1300
3745 3457
415 1979
2675 4476
986 4171
4156 2900
2292 2271
1126 1876
4712 4523
1656 3240
679 1032
3216 4035
1517 1538
2133 162
4385 2597
4017 3654
3687 1232
3738 2304
3897 4098
774 3890
1049 2864
3827 878
4389 1684
1622 4467
352 3982
582 2970
3896 1414
3126 2371
4043 2449
1023 4355
3658 1375
4502 2525
2080 3483
2566 2463
4871 2572
4710 2418
346 1426
4700 1846
4661 132
552 1269
3185 3492
2846 1417
3931 4763
4325 4619
1358 2463
1633 2937
643 56
4886 3780
2451 369
1030 4424
2290 2568
4531 2577
708 1178
1206 2
3665 4961
565 822
2517 996
1961 2082
3643 680
1185 3176
3975 3177
3078 204
3418 3007
4729 2472
3132 4349
2566 109
1346 2912
1826 2254
779 4260
4794 207
3395 82
4570 3170
3638 2448
1366 1512
3262 2900
4386 3030
2111 570
2400 3288
729 1373
4079 1227
2336 1578
3249 144
796 1712
3794 1762
648 4045
3997 736
4899 4788
2903 3472
1203 3850
2516 2765
3273 4148
1827 4363
4862 1460
182 1223
2369 2587
2974 2133
4421 1337
3085 3168
3138 2528
2982 1430
1763 2465
2299 1698
3446 3886
3187 1708
961 4354
1585 3478
1369 542
4351 2042
1682 1517
4175 493
407 2450
3613 345
2482 4538
1525 4903
4827 2196
3075 4120
1975 13
2211 2076
2624 1502
2513 1797
1864 4418
3742 255
3046 2511
3095 2225
3378 4948
3779 3005
142 188
4942 3389
2081 2613
3138 1181
3550 4512
726 4668
1550 4719
1640 4471
2373 53
3010 228
2874 2682
1985 630
3887 4223
1034 3176
4684 4651
2329 1466
2586 4897
1914 2179
3891 2078
4078 203
61 4220
4258 179
4804 2105
1314 125
3613 1119
23 977
4052 3442
1947 1824
618 282
1379 1269
4392 4074
3265 1862
3666 398
2290 212
1455 241
3912 4681
480 4352
4770 3351
2614 3428
505 2712
731 4079
3876 2909
3563 599
3423 4117
4554 2024
3903 4517
1332 2409
4634 1327
2525 2467
1963 541
2004 859
1766 13
498 1703
3725 4749
1152 4356
981 3148
3139 627
4327 2768
4856 1731
4397 2088
1819 1250
4649 4048
1987 299
3266 1428
566 478
779 4151
4432 888
2622 4766
1649 2627
4239 13
1132 4508
3873 1777
2939 1340
2366 3288
2002 2995
3438 3617
3837 3716
800 3595
3153 983
1265 4037
3955 248
691 1918
1947 3226
3456 4438
347 4821
309 2439
3795 2215
3267 4188
3212 4689
2959 2887
1458 3322
2334 2455
2257 2888
330 4245
3207 3526
4333 1938
4959 3150
2731 8
2046 4209
1524 3244
3259 2697
633 1733
3126 324
1453 1120
4944 2419
3866 2480
1212 3983
4584 1631
3383 138
2409 1396
262 1448
3374 3512
708 3193
4897 3011
4191 4261
3479 4101
684 703
2358 3966
1738 1246
827 4031
2210 1900
261 2499
2009 4161
4819 824
3886 3549
768 4452
3615 132
4065 824
1259 804
1328 369
4850 1915
4302 595
3693 909
3221 4894
824 1474
1989 786
3888 1610
4877 2175
1733 4368
2400 1101
3123 1401
4818 4632
2561 1490
2385 4037
4101 3092
3765 553
525 1384
1342 4727
1164 1473
3397 2182
155 2631
3272 1973
2200 3042
2508 464
1899 3992
3925 3290
2976 4338
912 2079
4036 4775
2004 3851
3468 3527
2167 1440
1215 1295
1539 4885
4851 4629
925 3615
3100 2169
2581 1336
2824 3573
4750 1205
1049 4793
1681 3064
340 3748
494 3107
4697 893
3708 1212
4562 4029
815 4899
2673 4406
3756 2919
719 4745
1766 2428
3552 4615
366 293
2866 2940
1618 2769
3483 3023
527 1305
4865 395
3294 437
321 3422
777 441
3669 2616
3846 530
2829 4600
2725 4865
1642 178
676 4965
1868 3629
2905 3748
2687 1539
3541 4646
3392 1351
3726 2612
1591 4462
4763 3772
2187 182
1917 278
2737 3754
2030 1608
948 914
3863 214
4367 1176
4795 1704
4289 223
1368 3739
482 1158
1978 1585
946 3938
969 4668
2814 4735
1749 4011
3002 2026
3341 3863
1727 3366
1070 2181
941 4839
353 232
1795 4208
2059 2179
2302 3384
4140 3701
4037 1698
718 2906
4840 282
3419 4235
450 4706
2107 3931
2317 2803
1329 1446
2407 1272
4375 3142
3991 4192
4699 637
4925 522
354 466
1458 300
2674 1002
404 1082
3757 4070
3902 4706
1126 1305
4676 2952
2290 3005
3646 4122
2203 2169
589 2656
2160 1408
4925 3214
4136 2703
3683 2308
1097 2183
1819 4356
2987 319
3890 2790
3893 4751
4461 1609
2080 1163
4963 156
683 2317
851 1265
4578 2649
2034 4748
4087 3435
3019 1170
4424 2026
3877 655
2162 1841
1580 4337
582 4782
513 2526
1972 2479
1176 2820
3683 3846
2543 2747
2706 3011
1654 787
44 522
2620 1180
2529 1538
3028 1813
4592 1030
2350 620
4282 1817
1821 563
276 403
4074 2701
2039 4128
2723 3100
4965 3861
3134 3013
1473 500
604 778
3592 2728
3787 1114
2696 2561
197 1267
3125 1034
1901 2567
4032 865
4099 41
1778 956
4874 3069
2789 3360
2190 1883
2712 4524
1060 4170
3510 1414
3971 4210
3174 1514
4646 3995
1516 1722
2389 4109
2098 1052
3133 2228
387 4615
4240 47
645 1750
3227 329
2145 2653
4556 399
4580 2081
3114 2844
2810 553
1429 1489
437 672
4574 1426
4840 2706
3477 735
4780 4729
4562 198
972 1633
626 3611
4781 1000
1675 1084
1425 683
3146 4593
569 4189
2910 1536
4275 4555
32 3634
8 4467
495 1095
2647 1015
1870 208
388 4663
473 2497
806 1151
505 638
1289 4513
4444 4953
2483 1937
2527 524
3861 1587
3451 1098
1263 2406
1700 4262
307 3046
810 4749
1121 3967
1273 2519
3918 114
4758 2992
4223 1923
1309 1365
3639 4601
262 3663
2298 3423
1401 3363
2670 3391
86 3856
2822 3664
2553 786
4805 3595
4452 2510
413 1055
1094 214
1834 4813
3690 753
4600 210
4317 2476
4286 3644
256 4016
4741 3171
4144 234
2747 1866
4954 2380
4762 4570
4988 2829
3300 3142
3498 377
3496 3402
4285 2568
3873 1833
1554 2093
2556 2957
4317 4955
500 1223
4995 40
855 1354
369 3950
3770 2631
2384 2089
701 3396
476 4975
274 2196
3797 3542
97 2215
3357 2812
2889 4904
2090 1224
2808 4756
2582 1101
3153 1203
1719 2796
3535 2748
4872 1669
1057 3641
1173 1324
2045 2164
1415 4691
899 1179
3437 632
2235 1553
549 3669
1226 1796
2093 3079
4414 2540
2061 4873
3499 3425
3280 543
2054 3862
1074 4444
2216 2239
4967 2737
2707 1188
3551 474
4417 4852
2680 4977
500 524
3599 1730
510 3424
1336 1949
2605 4349
503 3312
818 4774
3762 1399
4938 2560
1896 3356
3910 3565
1840 1698
2847 1256
1528 2675
1228 2879
3000 3379
1335 2322
4129 782
3551 2096
156 936
2940 4190
2297 1096
558 1150
3327 2571
2546 4649
1459 2566
1475 3894
2945 1105
3694 1531
723 4651
4941 239
2521 3761
127 3401
4193 588
4796 1250
4135 4074
3330 3070
723 3453
4211 3395
4872 1054
3694 3464
752 4815
804 4691
3956 1
180 212
3997 3427
3997 1192
4495 2977
2002 3667
103 1465
4643 3188
402 2894
502 3029
683 2255
3147 790
4904 327
1271 4334
4357 234
2912 3847
1159 3245
1097 1126
3541 1265
1459 1012
3791 2228
292 3272
3018 3127
2750 499
2160 4008
2812 432
2789 479
2009 2778
352 1299
2418 913
3811 4233
1789 3041
3185 3204
3146 4622
1399 2883
3883 2677
3853 4017
4786 3708
2800 2806
1396 4432
3137 3636
553 4267
3397 1106
4208 80
2060 845
3652 4140
4653 3329
3624 3904
4021 177
2199 1128
3929 259
4697 3436
32 4808
4100 4077
2966 1403
4867 2298
3391 2640
1740 12
871 4158
2160 2282
653 2443
2906 1675
4321 2663
404 4701
3572 727
1264 23
2900 4214
868 1822
927 2625
3058 4552
4480 3202
3649 2214
3433 3071
3354 242
3057 4178
4490 3974
4672 1516
291 4112
3485 4594
155 1487
3420 441
1949 280
2705 1231
4327 4442
4417 2594
4221 4965
1477 3377
1006 4322
4091 4788
1972 2291
2414 1619
1429 765
3274 1617
1003 2537
3383 3305
1913 2131
3149 4418
2114 809
987 1412
1593 292
412 3735
2297 4242
539 702
1306 3048
1898 3366
2235 4358
3789 920
541 3551
847 3777
2532 3887
1859 2144
2095 4008
2721 3951
4184 2752
561 4465
1582 4464
2310 3448
1734 4884
45 487
2082 84
3007 2973
2558 4843
3781 4869
2444 4305
3753 504
2705 3906
883 4133
2823 2668
3750 1951
4431 4543
3831 957
1401 1528
3007 4351
3522 2036
4080 2931
1216 4026
482 1307
1104 4332
760 4232
4006 2483
3735 1867
3519 4133
1770 1016
1249 2098
3065 3875
3131 4970
2049 3422
4347 1632
626 3198
926 1868
171 361
4016 4357
576 4965
3866 2330
1657 4542
293 3759
3803 554
4117 4833
2470 2530
4162 2029
1720 2761
2930 4442
4016 3173
4593 2938
2629 4393
1556 3195
3124 686
665 3648
2150 3628
305 1032
2823 3503
2257 1877
4848 2063
1733 1630
4719 198
1870 1886
2368 1303
1586 2882
1255 3093
3632 1298
1050 729
4983 1220
4610 3370
2821 2976
4123 3770
1001 1629
120 4939
3461 323
3627 877
4641 3925
1328 2990
1696 4357
1057 1128
1191 1851
4799 342
2093 3011
763 634
2482 3478
4739 1155
1985 2209
2313 4501
4722 4088
1894 2321
3433 2594
2719 4980
4465 2490
2489 3338
1330 132
931 459
2924 4628
2969 3677
1526 2831
983 2253
4689 4162
4730 16
3063 2852
2676 716
4183 2947
2354 3276
3164 1523
2412 4916
3738 1036
4432 3868
1412 4526
3912 4931
4364 3642
3355 4385
2743 4392
1327 340
245 557
3859 3438
2995 4434
2446 4934
4935 4627
183 2122
1213 1951
1313 3783
2255 4868
973 262
1396 183
4264 2984
4471 4920
4604 1487
1178 2830
75 4855
441 4496
2661 432
2249 1846
1319 1561
2496 4657
3938 430
392 1239
2614 1293
3565 4929
1427 1124
3696 1147
19 1369
26 1324
3918 3824
3468 4891
4229 2335
3386 3885
3017 1105
2184 3894
356 2710
3112 457
823 4047
362 1336
4457 4328
4703 3847
794 4008
2686 922
217 2447
4130 1120
2374 4790
985 267
746 2867
883 798
1339 3686
2918 3121
2396 624
2382 61
1834 2279
3343 4713
1939 2418
2831 3757
270 311
766 4351
4091 2426
1980 2042
2444 3137
674 1354
2197 4340
871 141
2070 4860
1468 4475
1623 3432
3435 2120
4667 1888
1420 571
2963 3223
3805 2745
820 3777
146 2444
3709 2367
185 907
369 4955
3164 3235
1642 2132
307 4845
4166 2394
361 4171
393 4269
4508 3447
1453 2883
1895 2740
792 401
466 4396
1147 245
3541 2761
3370 3055
3348 3822
3403 3321
2999 2115
1639 951
2621 1327
2305 3931
3152 2970
1309 2605
4074 4523
1063 2365
1475 3383
2693 2977
2379 3413
4047 3876
197 4918
1364 761
1215 929
670 241
3063 934
854 3005
2498 4049
329 4476
4017 493
1720 1503
1092 1676
246 2783
3430 4520
324 981
4246 4174
2701 2988
551 217
1371 2510
3912 970
4781 1190
39 3688
4265 2323
4494 2635
3489 4433
1000 2663
2173 2538
3485 3279
4294 2801
3401 3368
246 3144
938 4818
3594 1481
2655 2601
4203 2680
4214 2200
904 2362
2937 234
4723 1632
757 178
1483 842
3096 623
4761 4207
1422 3605
308 3099
3659 39
3974 4770
2413 437
2016 660
2464 2732
1455 2909
4313 3907
4563 1625
4969 2683
2078 1720
2984 433
2531 1324
32 908
1191 3984
2850 3572
3517 373
372 1673
1211 854
4348 577
4038 99
4882 4010
410 822
4817 437
446 2185
1169 4323
4845 8
636 2559
4655 3211
2879 1413
2834 3209
3424 1442
2040 516
536 4212
4565 1796
4117 4230
417 14
3261 3794
816 1036
900 4566
1375 2505
4945 409
1865 4920
4126 1079
1293 649
1776 3288
1798 2473
4976 194
2852 2852
3143 3672
468 1512
3505 3990
4261 2820
2700 1483
773 4910
2086 926
1639 3457
1518 192
3534 4371
2865 4805
4766 2956
447 3921
3409 360
2284 3471
3248 3214
2212 736
3834 766
1147 4824
1002 1540
1586 3443
3394 2215
4422 1799
1838 2856
1604 3572
1084 4283
3617 2590
2512 3812
1559 1571
4157 2517
3440 1247
32 656
629 440
3687 1401
1056 1532
3595 97
2394 2536
3319 2845
3706 4023
2852 2679
4219 1173
4469 1876
2329 2069
1816 4239
4888 3091
577 1601
2933 4306
2549 4718
923 1571
3107 3519
4223 4273
3902 302
1946 2381
4015 1158
2170 3652
3088 4246
1141 2564
2985 3230
2383 2067
469 4264
4571 2665
1229 1954
1240 811
620 2943
2118 592
1025 3604
944 1927
808 3167
2332 4571
2037 3016
2068 1455
3427 1052
1306 80
4702 29
3425 3683
4414 3484
3992 3327
1150 3150
702 119
1550 4313
86 3066
3054 1527
1122 4207
3795 4518
3418 1690
2793 4537
792 1223
2751 1839
3091 4296
3083 3973
552 4853
2324 2892
1828 295
928 2585
603 3469
1 2864
1501 2514
2070 3606
2341 2023
4307 1890
259 4538
2662 3055
3858 3475
1565 4162
3123 1240
2613 4533
3469 4866
4897 2004
748 1956
513 830
3167 2646
2146 3307
311 2282
918 791
22 3155
2753 55
3462 1398
132 914
317 4665
1685 486
2084 4012
3639 4284
4384 4667
3649 756
3698 2247
1861 2079
1779 4057
3593 2846
3028 362
326 2984
2154 1808
1722 448
4823 1572
1993 4180
2850 2086
1751 4745
4855 66
4062 4128
2590 4017
1309 4148
3210 3844
2624 2518
3939 1178
3251 1049
3971 930
4051 2421
1958 1586
2517 1822
635 2536
3392 4437
3531 1273
826 4212
2912 1098
1657 2101
2638 3519
190 283
3249 1344
303 3536
1695 2037
4226 3574
3712 1891
325 1351
3168 3177
2723 359
3350 2834
2750 3463
597 2335
809 3967
1416 2296
4396 3982
1179 277
2651 2134
1742 3294
3069 1913
266 2265
1490 4378
1926 752
4334 2037
2900 3321
1235 4063
225 1670
929 1379
4371 2110
4747 498
2639 2505
297 999
3873 4718
1547 1037
4254 4875
803 4565
4056 4194
1507 874
2985 1842
3551 4858
316 4807
1182 1789
4651 1017
4102 3864
921 3789
4035 1863
3690 1036
3531 1067
2400 593
3786 1713
2141 2368
3441 3281
548 3543
3080 3283
4377 1974
1272 2424
3011 3882
3832 3257
695 3274
4359 3306
4655 329
1171 407
3759 3046
133 4316
1327 1780
4786 3999
4847 695
4132 3289
573 3356
1156 3047
2326 4884
3401 2471
1203 1240
2005 1232
2728 1091
3676 1925
3170 383
4921 1214
1445 642
3859 4783
1268 3123
3130 2126
612 1489
1119 4017
2805 2240
3298 2319
819 3009
2997 2951
228 1318
2366 4261
4164 3958
1264 4978
3794 940
2360 4153
1113 1044
2566 2579
2255 1900
619 1352
89 4878
3407 2877
421 1731
872 3786
2038 2754
4040 4224
2974 2025
967 1354
16 2356
4215 4375
2551 13
4710 4857
4362 2486
3187 3105
4961 2127
4873 3376
4240 577
289 1661
2140 2788
2783 2933
2912 1642
3697 3408
2098 534
1627 3478
833 1636
4245 1339
518 2918
4234 2395
2685 4601
4774 893
4945 107
3354 2019
2500 3174
2516 586
3847 4068
1168 2090
3891 2837
2737 1021
4352 2794
4414 4463
3756 42
706 4461
1165 2182
3819 4776
495 4362
1921 1016
1540 3536
4923 3451
2950 597
1867 4776
656 3554
1914 4009
2363 728
2962 117
1940 2928
3620 4901
928 2837
1885 4242
2124 2140
4260 892
156 1608
4409 2613
740 4573
3216 3362
372 2611
936 862
4079 1663
313 477
2425 2820
4961 1381
526 330
3879 4218
1254 4169
2671 1972
1615 4258
2026 4298
4694 3565
4087 3649
4215 2037
2981 2376
1374 4473
4692 4131
1298 3529
441 3950
866 2379
3473 2278
2585 4807
3579 4657
1310 4741
2784 4615
1328 1668
3012 20
1859 32
2242 2441
1009 1163
2108 54
3076 3606
3164 2451
4757 4341
1244 1012
2433 1384
3673 3692
1384 2698
1030 2506
2638 2348
1560 1080
4651 3930
15 2637
570 4553
527 3858
1358 3569
750 4353
2349 3570
584 3723
3509 2098
1532 3917
4833 3008
4554 1506
2621 2510
444 1019
4517 15
1786 1175
1052 2172
3740 2244
3866 4161
4772 4241
4577 824
2720 3282
11 4288
402 778
2151 2284
2261 3433
3824 2717
1418 3273
2265 1306
1248 3089
4151 192
4716 3906
2481 1583
3846 1998
3192 3893
255 4455
4803 3764
4450 2889
339 4447
4471 866
1832 2083
2407 3978
2951 2153
1789 4962
4507 3450
3725 661
2414 3008
3663 2388
1701 2224
2124 2503
4378 4086
877 4111
548 2150
301 1532
4790 1335
4530 2636
270 2630
1470 3970
2033 1944
3623 594
3684 2433
1147 3204
971 2238
4748 2543
95 3480
1632 1380
2223 4479
465 2537
1927 3827
784 2319
2123 3612
2983 1022
2582 1800
2942 1473
4951 4339
166 4008
3853 4590
4758 3622
2798 426
2583 2115
49 3476
4033 1483
3717 3442
3351 1527
786 3807
1729 2601
1880 581
1223 3931
2729 2296
1913 1903
1108 3015
449 294
672 3701
1104 3220
1077 1799
2193 3819
4971 205
2495 3567
1941 2474
998 2904
1298 3296
4021 4805
2123 1576
2512 1981
3769 4592
4999 3654
3930 4214
3244 2466
185 2791
1222 4627
2900 417
3947 3535
3804 748
1076 3679
668 1063
1047 3762
3254 1737
1478 91
2150 3885
2148 2338
2059 1350
4110 2339
2366 2599
1212 2696
1182 4627
2701 3383
3368 4233
4951 1064
3389 754
3497 1837
1487 4340
632 2656
3512 676
3302 501
3333 245
34 3193
2981 212
1887 2592
3497 2316
1374 145
4174 4649
2747 723
619 397
3060 483
4644 3362
194 623
3445 64
4999 4077
1699 3451
1160 966
935 2085
1083 2899
916 2278
3638 2452
457 1877
1020 2468
636 295
1956 165
4912 4025
4252 3062
2622 2114
1815 407
4381 4294
2965 329
199 3502
4966 305
2185 2417
3709 4174
3844 2629
4865 814
3518 4841
316 2469
3566 1570
4271 2280
1929 3351
75 4668
2290 2269
4104 1947
803 2258
2915 2854
1654 4948
1140 1175
3931 2943
2752 198
3761 3832
2853 1949
1758 716
3228 1162
3339 4385
3918 4492
3745 2634
877 1562
2756 1608
342 271
4489 4172
1861 4449
587 4615
526 37
4745 2614
2470 491
1093 1262
1837 295
1656 2101
881 1918
418 1473
2608 4009
4505 831
4703 1544
3015 496
2556 2108
1634 2
2932 4066
1567 3708
3205 4524
1100 200
150 3815
1604 1388
3586 1165
513 4289
2543 2598
991 4686
788 4740
2093 402
3446 4386
1848 675
1187 2835
2842 1441
2442 3435
63 2966
4735 1695
4024 3764
4004 27
2079 4075
209 3367
410 1979
4972 2242
3943 2572
2601 3458
2060 2273
1606 1391
3881 2857
1514 825
427 1307
1228 1953
1133 4028
3084 857
4312 2290
2225 3514
4514 2558
1333 569
943 1180
627 2419
2157 1334
4662 3240
191 1352
3272 3188
558 947
2047 465
4262 1905
4197 2136
3994 3890
3255 3887
4260 1992
4196 4650
249 1280
1919 1601
3070 309
4258 2992
2297 1711
226 556
4348 508
1388 2456
3288 2284
952 2737
4246 909
2151 3478
1697 4559
1410 1656
465 4089
889 1924
3637 3526
2563 4028
2579 4429
3501 1555
2310 2733
4869 68
1490 2488
32 46
1115 4004
3927 3477
2650 2737
3708 2913
4069 4774
3709 4691
4406 1014
813 3729
2749 4759
1814 4966
3839 877
4717 581
493 4142
3830 1431
3682 1395
252 1543
3445 226
3148 1299
454 2595
2187 1045
1048 4892
2173 2123
4114 4086
4440 1478
4166 424
899 895
3509 1290
1291 3196
1009 1017
3519 2863
2925 4941
2499 3611
4468 3697
4386 2223
1155 4619
2717 2905
1279 1298
1020 2702
39 381
2146 4493
2892 3344
4119 920
460 4519
3985 1994
1577 2591
4236 1133
4113 4765
1255 3692
2530 1825
4630 2477
581 3137
368 1992
4599 4303
1332 1286
1958 2042
4670 3465
4549 3878
2870 4545
253 2181
4708 4583
4184 3327
2973 1609
1049 2127
2035 4355
4084 2086
3870 3230
526 955
397 93
3132 2972
4071 1394
404 4023
3639 1833
2770 1991
1730 4494
1000 3063
3060 670
2342 2954
4811 4912
3018 4337
1514 2475
2966 133
2766 3031
2807 145
4972 4195
1753 3491
3413 1768
1329 37
298 891
3772 629
2261 396
3759 2050
927 3376
90 4814
2367 835
4650 1901
4187 930
4958 2975
1397 1162
4758 4263
2496 4095
1066 4893
1386 722
1467 4529
4155 3347
3544 2529
4139 4623
3539 2829
3879 2441
4721 1349
2441 1383
1699 3286
3719 3172
4592 1070
2316 2773
3660 3471
1201 2331
4216 2845
4004 4181
1568 2850
3826 1846
1254 4014
2375 4806
2769 486
2740 4971
2800 1146
740 3139
341 1283
3456 3475
1522 4931
3753 4989
3062 2981
4623 2093
1383 3352
3399 2181
1896 1581
2033 2748
4512 1541
4557 3234
2495 4694
60 3986
4307 2533
4224 4661
243 4718
3905 1168
4199 2808
2231 2194
3757 305
2229 1035
96 3737
979 2899
48 1524
2403 191
3338 525
3106 4734
673 1459
126 1849
3297 4850
1648 382
2146 4131
2523 3378
1044 3571
1848 1790
44 580
3460 662
2583 3662
2788 4108
2471 2916
705 766
3864 1355
1050 3650
4287 551
4836 1664
2640 388
2985 709
898 2942
1827 982
922 815
2046 1185
3430 4952
879 2674
4436 4010
4094 2339
1051 3038
2842 3555
2036 2308
2298 2397
2061 712
885 3835
3092 1487
1810 4704
1834 4908
4986 2809
1072 4813
900 4720
1435 3460
3414 3166
1921 3020
4527 3213
764 997
1482 1837
16 3770
2515 1672
2256 2450
1324 2868
2286 1503
1292 3943
1460 3292
1429 4750
2884 1236
3509 4032
3061 1636
1355 1109
3077 1796
199 2202
604 1159
207 948
4412 3868
148 1025
4732 1782
1125 515
96 848
2713 2850
4375 4240
2491 827
2530 1897
920 1281
2626 4651
1130 4121
1928 1505
3813 3744
4791 3096
3394 4825
1236 2567
1692 4740
100 4644
2345 2585
1983 2734
1329 1228
277 322
1470 2617
3456 3564
4916 547
1086 4521
1368 362
2782 1157
1754 274
293 2238
4748 2847
4668 1550
4898 4291
2760 3565
3059 1538
2328 1324
825 2577
3525 3394
117 4192
1447 2100
1355 462
2375 2756
363 4967
2801 1062
4586 4937
2745 2295
3235 3272
4113 4969
3590 3961
2366 4188
2242 934
3913 1150
85 4071
4530 1497
1670 3911
412 1933
3297 1363
3252 3599
1943 1399
2369 4388
4684 4209
3931 3419
3558 4242
1210 581
3686 4338
353 187
2478 4194
1044 381
2060 3659
185 2042
2699 3964
4133 4486
3233 1282
589 2918
4567 4821
1560 4353
519 1183
3099 308
4250 3737
2157 190
2364 2155
3239 3502
621 2522
70 691
4758 3746
4760 3675
4464 3779
3171 2837
539 350
1790 3875
1375 591
222 4420
781 409
47 152
2262 4289
3151 2076
1473 2921
2600 1350
4053 3818
3750 200
511 3323
1395 4720
1512 766
4382 1753
4557 1429
1425 2125
1384 1523
4819 3432
4826 1084
1429 3461
2100 905
1615 4021
2413 2138
4341 3181
3588 435
4663 1194
3943 2930
2878 93
1816 4672
2549 315
3027 3448
964 1333
4443 1375
4197 2980
1035 2899
2017 4095
3130 2149
3605 2297
2107 3014
3767 3004
4912 623
3181 981
3482 1280
1851 4293
2822 4635
3235 4839
178 2257
3210 2899
1924 4197
1256 4000
908 3431
3846 3718
4571 3683
643 325
1526 577
3814 488
122 4855
1270 4633
3059 4099
1345 1337
640 2513
4013 2474
931 1021
716 1074
2398 3809
392 1562
1170 1447
790 2825
4275 721
1510 4371
3337 2432
16 335
4659 159
1442 4921
1610 2340
3310 122
4018 2369
3286 199
650 4080
4048 1510
2933 3693
235 248
259 3251
114 2610
2022 577
4223 863
1706 3158
205 2634
1260 4683
4859 4685
2526 2835
531 942
2402 1489
3852 2905
1226 4057
4396 1108
4517 1601
1808 1680
4317 283
4919 2462
1630 4418
811 2329
1692 4999
2245 2839
2473 2525
952 1522
2062 3240
208 479
2442 1034
1831 1832
1353 2022
621 733
3722 2780
1873 1036
3517 3532
4520 3809
2373 1333
1400 2657
3039 1015
3203 771
141 3805
3223 1180
2842 861
2602 4243
522 2020
4372 774
1240 683
4788 3444
2286 4670
2830 1577
3385 289
1641 546
3936 1920
2463 3129
1629 1960
1222 216
1480 3416
1206 303
3354 128
3906 4537
2360 3913
3796 1127
3661 4010
3760 3650
4628 1087
4287 111
1199 2181
2761 890
266 4624
2815 4576
319 4489
3675 4546
545 3365
1950 4245
1873 936
1311 4820
1977 3653
4351 4268
2144 2797
292 1068
427 2700
457 3411
3212 1651
642 4441
1215 3628
4750 74
2130 1674
3228 294
218 3979
1071 4783
1708 3892
4779 1742
3609 232
1950 4871
4293 668
2310 4477
2225 496
80 1219
3112 2003
4813 1159
4864 3980
1690 3523
2146 1795
3450 245
581 4750
1165 4379
736 1779
1491 3143
3901 1117
4963 3797
2807 765
477 1937
4963 2083
4548 2319
31 2083
4365 491
1594 1767
4197 4677
3591 2599
2409 803
4908 4988
4934 4424
1588 1943
1454 4108
4015 4120
109 2026
1332 81
2849 1783
192 2588
2283 1862
1500 4436
4908 602
2388 994
192 4748
2361 3913
2148 949
1628 2415
816 541
257 4917
1724 1936
1302 4947
3716 2381
1380 579
4701 89
3896 4239
1191 2557
4432 1194
2027 755
4751 4291
2791 2287
1432 1529
1166 4729
681 1290
4789 101
1022 2111
4826 3539
4397 2752
3888 4432
1643 3701
2077 3599
1135 4575
4337 4015
4625 1647
925 3227
3713 1029
2432 1193
2740 811
3308 3674
1933 985
3950 3564
358 2002
4649 3407
3354 847
1025 3448
4079 1636
2950 4556
2187 2096
3344 3406
660 3550
661 589
4994 786
1191 3969
3234 2221
798 4621
2788 1257
934 4186
3467 2975
1705 3861
860 1672
4948 2030
6 2387
457 1190
4090 994
267 806
1244 2641
4750 4375
12 1608
983 1172
1154 2075
2697 2889
1567 2120
452 3483
1746 3491
1168 2372
1723 4413
2136 2376
4502 3139
634 4510
687 3148
1623 2377
211 4864
1899 2172
3170 2646
1223 573
1021 2307
2539 575
3375 1547
677 458
387 123
2294 4770
3280 2490
4029 2502
1112 3125
4975 319
659 3171
4326 4519
4070 4125
2209 1548
1109 2133
2147 1425
3395 2537
2332 91
3604 1072
791 4748
4199 3207
1488 4129
3471 3044
4602 1436
1523 377
3622 3214
4743 4313
3745 146
3437 4310
38 3439
1300 3233
3764 911
2041 1942
3202 1049
1462 2570
4530 4036
3527 2933
533 2514
2154 1653
4757 1410
1435 1055
1538 2910
2996 1883
659 4546
1371 1441
2122 2981
684 3634
2171 917
1112 3517
1717 1826
4481 2865
4657 4830
4079 3843
1811 3000
3026 662
884 3009
4707 3148
1720 3092
1779 3938
3741 2262
1634 836
2733 3946
1563 4038
2346 3413
4230 1016
4398 2702
3871 4582
4430 4362
2555 789
593 389
1823 267
1296 4245
1571 817
2289 946
2105 1389
2241 138
3685 1499
4671 3037
4172 4386
532 495
2271 2269
504 3259
3732 1007
2354 2358
1076 1871
1573 4002
955 739
3974 4594
3714 2559
2735 4687
3680 4495
3670 42
422 895
3670 2558
1371 1671
2997 4091
2743 2820
1139 2365
2768 3778
3332 3397
251 141
3756 2394
4492 4907
1207 3927
2893 2979
1372 1405
1082 3182
4216 695
3812 3891
38 3221
868 4588
4859 802
162 3243
3291 4319
475 872
4873 735
2697 2722
1587 2315
1422 4979
1547 890
3076 3441
438 1628
3866 2158
1657 2893
4207 3035
3906 489
2422 1899
822 3504
1433 1000
4303 136
3190 3208
1845 1945
2829 2101
4444 153
1318 4927
422 4640
2458 2571
163 1336
2079 3078
3525 1816
1772 3232
1323 2538
3684 3126
1228 2331
1573 2097
3083 826
1769 3718
3645 2722
796 3818
781 755
321 3302
3767 2170
1323 1185
3538 2728
2233 4726
4430 4554
3012 1620
2154 1845
2425 4248
1677 2057
1577 2161
413 4517
171 119
2664 3852
670 4969
2817 2963
3956 3186
3663 1496
4755 1731
4466 1431
4608 4415
1664 3224
1368 308
3822 1680
3219 1796
1853 4432
1498 3258
254 3955
3554 4711
3481 956
3733 4255
3600 2667
2591 4126
3262 1408
716 3592
749 4491
1525 4055
660 4184
3196 4706
3256 943
3388 4284
3347 275
2381 309
1412 2679
1878 3096
4804 584
1151 4015
1438 840
407 636
1363 2438
465 3405
2581 16
545 407
4922 615
2948 1082
4190 2955
1651 3449
3933 506
2700 639
3566 2680
4361 971
2594 3538
4857 1121
1054 1683
1616 2157
3632 3712
3839 4809
2220 2852
4400 4894
4428 53
1815 209
2841 3386
3837 2852
1104 3957
4148 914
3477 890
479 2292
671 2119
311 2950
3276 1118
2018 3344
1543 4056
1017 4999
19 1490
773 1687
4016 903
3073 3242
4737 3097
4759 3510
575 359
3604 4805
4424 1390
853 4486
4876 2
1494 1599
141 3343
4243 2691
771 3772
4226 4358
2283 1228
870 1512
461 1898
2262 4707
2973 2756
2548 1656
2052 4427
986 557
1191 4280
4669 1189
1956 1571
4669 2482
4780 1976
3030 971
1281 358
2477 3090
3126 2001
3671 1861
3955 1202
4074 1739
2119 966
2894 4851
4406 2473
4719 3781
778 2666
4640 4438
1903 3620
1071 1521
185 2773
4846 2112
3747 4369
462 3749
2884 3575
4168 4333
3161 2281
513 281
3870 4648
2034 14
2199 4601
1452 307
4192 2611
1660 4023
3764 1886
2443 2367
4251 1820
2968 3793
3126 324
788 1513
2735 4158
2214 1353
849 1800
3930 798
2428 3616
364 3829
1637 2125
22 2866
4569 2181
3303 2940
912 2872
4875 93
959 1042
2182 393
779 1949
1745 2112
568 2465
1496 1685
2785 2300
1789 1437
24 1865
2240 291
1986 4090
3780 3588
2748 1999
982 619
3702 3748
112 1002
2356 2465
1292 1937
905 2171
4495 2934
2094 213
1183 4939
3929 383
4702 4733
4185 3641
4904 2247
4477 3874
2661 2402
2386 370
3479 1988
4069 2995
4665 895
1712 4948
1467 4757
1829 1386
2517 3432
3281 2759
2031 4720
1530 1427
547 4027
1609 1728
1719 3477
463 4359
4194 3152
3520 2219
2547 1926
4210 1673
1592 3466
3166 3142
2207 1282
2049 463
1469 2087
2026 4766
1338 338
2133 2389
3874 3380
3130 382
508 2182
4513 2370
4130 4235
2216 3099
3953 1399
4468 3310
3985 2594
4391 565
2858 4395
1014 801
1444 2382
507 3324
2480 3336
2426 3646
4456 1564
99 1810
2869 4131
873 3311
2106 1851
1299 2555
3131 3106
127 3981
672 3355
4033 302
1347 3723
581 1431
2515 4435
9 2147
4679 2376
1702 812
2086 1264
1367 2627
1366 958
2238 1526
3882 834
2251 916
1159 2518
3753 1169
1615 2310
4328 3163
988 4546
4444 3310
725 2940
4750 1915
3891 2328
2423 3270
3682 1098
2019 4099
4531 84
1885 3868
988 3326
1209 1189
4868 3085
3502 850
3718 1789
3478 4
4379 3930
782 1010
1842 4499
743 3322
1520 555
4656 3733
1825 664
2210 2969
344 2955
4550 2730
2743 3523
2622 2358
1892 241
4774 1371
4851 1819
2540 4199
4803 4531
3854 3316
1182 1595
4591 408
1916 3984
3489 1383
3654 1112
2637 3452
1541 3453
4659 2358
1653 3412
1626 248
2381 2540
2169 2811
3380 979
714 2289
2771 1520
3682 1320
334 2802
191 4163
4508 3405
981 4350
4874 2407
2313 3193
1938 3833
1006 4542
689 12
4864 789
297 2739
175 1422
4860 4734
3492 845
1850 1245
3774 4683
3345 3197
1171 1829
4269 936
1176 3045
896 2699
2687 4118
3971 3918
2926 2934
3549 3594
3566 3177
1989 357
1783 802
2008 1505
4220 2560
488 4559
2725 2048
1410 42
4881 172
3850 212
3187 4966
4516 4965
1135 4837
3466 4467
4528 1448
1799 368
3280 484
4713 141
2805 4356
1621 3067
2403 3045
1264 4641
2023 941
291 4766
3227 3749
2877 3289
3669 1391
4782 1908
3572 3514
2841 468
1035 4548
687 2180
3925 4454
2373 66
2467 4227
337 3272
4121 1138
1439 4560
3673 4227
3002 4576
1304 3987
4973 4451
727 1240
2516 2288
2125 4246
2932 4128
1029 3570
2347 4004
3299 108
2423 4715
1700 4874
1995 816
558 363
673 3220
3705 4153
1550 3343
429 2809
1367 33
954 3934
18 93
662 2411
3166 344
3501 508
3476 1744
3511 1114
4637 4794
1371 292
73 1352
1982 3839
1793 1030
281 2744
265 4617
1688 2456
4622 2016
4030 56
1242 291
1830 88
2625 4656
2049 480
3277 2510
2848 2265
738 3253
3398 2939
963 1611
647 3474
2983 4072
3357 1611
2236 1480
4081 1409
3633 276
3550 1477
2928 4460
4957 1643
1610 3794
1898 3003
2177 303
1035 745
957 92
2475 4181
99 3135
525 2387
4864 2565
4889 675
4433 4256
2082 2806
2950 2130
2651 4952
3563 3615
2304 4190
4353 3960
4247 2281
4471 4465
3055 1171
3233 3152
3285 2483
2872 2277
3032 4907
42 4477
3351 93
1324 3653
4991 3336
3096 4039
2281 3845
630 176
448 2870
1529 1943
3019 22
4103 908
1396 1133
4972 8
4072 2545
4077 435
3171 2671
4602 1826
1115 2100
2070 750
4482 1010
3678 834
3861 1736
3152 3369
2913 2602
1051 358
1373 3548
1563 4120
2382 1337
3289 42
3849 884
2006 6
4845 25
1303 206
4626 4348
3800 1674
4482 1612
2032 477
2482 4636
2406 3345
4754 4280
3169 4023
4549 813
200 3899
293 4063
1695 4640
2627 3429
4903 1266
2060 1616
1571 4018
4589 3469
3983 2051
1022 3304
1074 3417
843 1135
4397 1721
1942 2846
796 4243
1479 1002
4542 1821
2324 241
4864 2305
1673 2687
2295 2504
2596 4345
301 4394
3947 2852
4072 3675
4113 3113
755 4133
4881 3486
263 458
40 467
3664 2297
1369 1331
724 2499
1030 2431
2397 4429
783 2964
1120 1342
4577 427
1258 3010
2782 1080
1411 2053
4486 4191
1481 1802
242 1158
801 3479
4106 4909
1578 1420
3389 308
1581 2165
1244 3484
1132 3612
1182 1975
1718 3036
2820 3851
1874 2837
1238 3766
3492 3988
302 3414
4417 4781
2776 4941
376 3102
3164 930
1325 4466
270 4328
4414 4317
3210 3668
3496 60
3799 1757
2394 3979
4535 4584
755 3747
1527 636
4871 758
3969 87
538 1004
2936 645
178 1861
118 687
1527 83
1121 4169
4553 2972
748 3362
182 3308
4306 4094
2332 477
2941 662
3350 2349
4253 2323
2918 3812
1539 3089
3237 1179
3791 3449
1790 2676
1909 2605
982 1820
4040 2694
1615 4826
3211 3054
3937 4875
2804 314
2179 1948
10 4385
2434 2866
3540 3641
3923 2392
3022 2733
1742 293
2460 2634
1622 1520
3403 1504
604 3472
1343 2372
4202 3079
2858 2451
1208 4360
3046 28
3713 3166
4689 4706
4815 668
3217 1636
2592 1311
323 4415
4504 3552
951 914
2402 3770
3423 1490
1126 353
1278 4052
4712 1697
3102 1361
1561 2938
2738 1623
4604 4800
431 3240
3832 3066
4477 1810
458 1441
941 3117
4586 488
1196 2260
4647 3983
2413 2058
131 3170
4045 4522
1988 1582
4796 2259
4834 1991
3067 1684
358 3542
2798 4463
517 2613
418 374
3815 1824
3884 2464
2438 1982
3757 3028
4736 4774
4659 1639
1028 893
444 2539
1281 2811
2519 4568
2541 648
2498 4967
3546 4631
920 2246
3864 3936
652 1158
369 282
449 2524
4957 3392
4256 2244
3392 3057
2620 4572
2813 3091
3030 3460
1022 3066
1483 2543
474 733
2619 3017
4756 4454
4120 826
699 4332
716 3763
4325 330
1954 2402
751 637
2692 898
3709 1502
3071 1035
3785 1439
1769 4059
1113 1112
1982 4847
775 2933
3299 1790
1246 1768
4709 592
4647 4171
3188 1428
608 4677
2496 2389
2503 4847
1121 4329
521 1627
2715 478
3206 3830
100 3119
3276 3422
2674 4221
622 3876
1292 2277
2907 3362
1916 3298
1299 2338
4833 3372
4201 890
642 1736
2621 4159
3258 3077
4003 4049
3225 4832
2972 4204
4068 3355
3789 461
447 1612
4067 64
3365 1147
2918 1797
1686 1305
3339 4831
802 1125
2433 4733
1565 3005
2251 1643
4120 4398
3072 1740
3137 3266
666 570
543 1986
1578 4376
168 452
730 27
2175 4430
1781 3070
2267 838
877 2381
290 3862
3069 4840
2496 2826
52 1110
4423 2239
952 2000
4284 3983
2893 1472
103 2912
1 1741
1211 3989
4766 608
1334 4704
821 386
792 4474
123 199
2575 3955
3439 1810
1475 3671
259 2779
728 4286
584 4671
2180 45
899 637
565 757
4201 3909
4868 2124
3986 289
831 1526
4575 1782
3842 615
2330 3426
4580 4625
2692 1467
1090 4975
317 3953
4522 2317
245 2211
332 3936
3624 791
1494 2078
3379 3151
1948 723
1232 3770
651 2127
2855 1822
486 1443
4308 3836
3014 844
2728 1227
2478 983
4791 2052
2926 1232
4218 2889
4750 1586
849 2832
2441 2381
2402 1097
1754 3167
3255 1650
1896 3691
680 1931
2871 3370
3112 1223
2520 266
4964 506
2799 1673
200 2004
313 4603
4193 4947
4308 951
4360 2519
2742 4200
1237 1646
3494 4534
309 4288
4218 2499
2434 2890
809 3851
598 882
1507 1143
648 4633
4812 3733
2073 355
2010 3107
4247 4444
1525 170
4184 4076
4606 3745
4489 3871
1770 1622
4749 1601
4624 3651
1482 4370
3661 2303
305 3068
4373 3994
4407 1393
312 827
171 4084
4226 4587
3804 462
887 3892
644 3783
4268 462
1968 791
1541 2679
2107 1682
648 1526
4520 2424
2916 2003
3311 2792
4147 3937
1549 2127
4606 3689
4838 1443
4323 2356
555 559
1211 2589
898 4512
2521 600
903 2742
3117 3967
4420 822
4237 3075
2182 4597
4620 4317
1479 3123
2419 261
1928 3709
2003 3954
2789 1841
3285 1449
585 4418
1769 2779
2301 3809
1378 387
3328 4660
378 669
2843 4105
4151 2287
2 1798
454 4915
2178 4382
2795 262
3195 1897
2679 899
4073 1111
4631 1990
611 1195
1352 4625
1877 320
1177 3840
3835 1133
2053 1250
1270 3719
68 825
2400 3172
4268 4731
780 3534
2812 3344
1278 2983
4069 2189
1300 38
2139 1549
1798 906
4180 468
4299 4683
964 1800
2389 2940
1523 2183
374 1950
2432 4779
3178 4886
1372 3089
3742 1981
3252 1967
1051 132
1785 4850
2005 4392
2984 3523
3515 1194
2885 49
4713 4843
2405 4507
4814 4661
2146 2241
3300 2382
4225 232
4284 2986
2862 4220
2415 1992
581 3124
3103 745
1369 147
2418 1085
4582 3587
2780 3973
3151 495
3892 2566
2579 1374
552 1766
2039 4895
158 3924
2141 997
3210 2936
3842 4869
1509 1094
748 3881
1749 4714
965 3064
2227 1188
2740 1853
3029 2300
969 1797
2206 680
3603 1095
1327 4269
1553 2385
4066 4430
600 4130
2427 4705
1879 3433
2074 1105
2214 2951
4119 709
2570 56
1577 4055
4379 4244
1991 1461
4448 3119
3577 3584
330 2486
1524 1274
3773 1348
1345 1084
291 4729
2189 1298
324 1433
4886 4143
924 3002
1268 1781
2369 1436
1242 4453
1097 4269
3683 1188
368 3739
3108 4398
116 3684
2149 1127
4726 872
1052 2156
3531 2275
3827 61
96 4493
396 4693
392 1684
4775 3427
2760 2412
644 3156
1841 4748
902 596
1602 328
3382 1095
827 4342
1177 1879
2776 38
1012 4745
2143 1648
119 67
2881 1997
79 581
973 845
974 2543
2884 344
240 4399
4920 1210
2316 4031
3777 4879
4601 1121
3490 890
4447 2945
4042 4883
4599 2358
375 314
595 4177
285 4336
862 3592
4386 833
1919 1830
1192 366
1787 631
2513 4653
4135 2546
4183 2030
4211 1903
2769 90
4583 1373
4338 790
1139 1855
713 220
2632 1733
450 1857
752 3948
3486 4731
3301 3942
1786 3643
3756 4729
220 290
443 2405
4559 1525
298 4725
3457 1129
1922 3523
4890 3449
896 3446
2563 2325
3088 2627
1866 967
1505 2720
3561 2006
3470 2422
2408 2430
3733 3691
2805 2625
4479 1233
2983 3969
3467 3713
4653 3564
955 2368
864 3031
335 2478
205 1438
4026 4118
2224 4884
903 1415
1026 754
1765 2198
2050 4818
3696 2574
4021 215
1854 2497
3167 497
2821 2346
313 2698
4168 3550
1315 254
3652 3319
668 1759
4503 2086
4706 1512
2305 4438
4804 1875
1570 1773
1182 3930
2673 814
4158 1519
2525 4202
811 489
1923 4297
227 790
176 1689
4788 2191
4943 1647
802 4443
4670 2410
2394 4997
4363 2678
393 1764
1612 381
4731 3793
1825 1456
2656 3595
575 1390
4671 545
2487 1222
16 1926
3233 808
1345 4940
3530 592
3253 3426
156 4700
736 364
4269 713
3847 3238
1633 2332
4252 2889
273 4935
2787 63
4870 1802
2689 4320
1235 4561
2200 2860
3590 4476
1575 480
2162 478
3461 439
4748 3375
2312 2389
1307 3753
784 1051
1203 2785
375 4653
244 2572
258 3827
3553 2383
3390 2042
2446 3776
4142 2561
802 2111
3000 2375
4632 376
4217 207
765 2686
4528 811
4334 1293
23 937
1217 1586
3421 3159
163 113
2190 1254
1931 1969
483 1408
2243 3464
1350 3431
1056 4178
215 2656
4284 2312
1808 3438
3786 1696
4799 636
3883 1070
1445 3336
1169 2124
1929 4181
4002 4256
4176 4998
1086 3230
3221 1286
1583 2775
4311 969
3312 3625
2548 3549
1772 3821
338 1789
3982 472
3928 3058
4808 503
2735 1103
1769 2477
2346 396
2289 3587
2733 1429
2425 4519
3884 4444
4898 1637
1633 475
2094 4615
1301 4337
2452 4691
3584 2980
231 4982
2998 521
182 4190
4171 837
1840 524
4021 2155
3287 2732
3608 1872
3906 678
131 2827
765 2426
4487 2389
280 1993
3073 2304
160 1132
159 4287
3207 4044
3408 1385
3133 3716
217 3328
4846 4682
437 4645
673 2859
4863 3188
4628 3372
4087 571
131 2575
4292 1616
3000 2153
4048 3327
2619 4197
1664 4438
2625 4781
4639 3531
4031 1844
2933 69
817 4856
4811 182
1276 917
3610 3439
782 1605
2495 1161
3186 4425
4100 556
2737 4872
3874 2585
3564 3991
3491 3512
2730 312
1965 4353
550 4365
427 4759
4592 4925
1055 2492
4526 930
4974 4313
927 734
1237 3134
2884 107
1876 1547
968 2807
32 1037
2985 2441
643 2646
3249 4789
3667 1294
4429 2479
2606 3390
1033 4212
2522 1238
544 2740
4279 2109
4334 3906
3531 2476
4841 810
3205 2819
194 4636
841 2553
4549 1226
916 3151
1303 3971
821 3533
13 575
4236 4002
4414 2467
4866 3128
449 1014
1020 2916
3614 773
1492 3069
4099 2771
715 4637
105 1294
4720 2568
4503 1952
1520 1850
1791 1339
3080 865
910 3336
535 4962
4229 2025
1915 3359
1050 681
3907 2200
2754 716
3323 2411
362 4725
2251 2200
2655 381
101 2948
3236 25
38 4903
3971 2844
3547 2355
443 3824
1157 1029
817 3443
1190 87
4280 1634
473 2835
2984 3931
594 3105
3283 4206
4700 23
1608 1849
3699 1879
104 276
3691 3474
2272 2933
4995 3938
2681 4312
142 2234
991 2481
1041 3017
2502 1294
2226 1220
188 1559
3236 447
1508 1320
4213 2914
2689 1729
61 4462
1899 4166
218 2227
4804 1750
3013 2577
3272 1127
3926 2215
884 1330
1377 4915
3672 2049
1922 1497
2601 4646
4468 3335
4921 4659
4513 3128
1325 4936
2864 4432
1601 1030
4859 4424
1200 4844
4455 1647
2783 4119
2788 894
4791 3149
4031 995
4059 4112
1395 4282
1463 1314
3354 3334
4057 76
3127 1510
4490 3320
1529 2623
3601 2848
3429 1959
3948 4448
3150 2058
864 3624
2688 1806
4340 123
2638 2527
983 4722
1201 3553
4734 454
2209 312
1193 4017
1396 4081
4941 2755
1486 1805
4358 1908
4929 60
4764 3923
3539 306
1393 1233
4060 972
972 3833
1533 4546
2619 657
3724 4580
1865 450
1781 4676
1830 2670
4501 1337
2437 734
1391 292
2419 837
2622 1235
3490 3992
4189 3844
742 1720
3666 2538
878 143
689 1204
381 1239
3568 3414
3793 278
2720 3272
4515 1166
3933 4009
4866 2661
3962 110
184 4730
1276 3874
165 4399
299 3813
3100 3717
3010 3245
2489 1135
3361 1715
3223 3523
2963 4802
55 3567
136 3133
3049 4036
4404 4245
3741 615
3292 4686
2402 1650
3878 3418
4651 2153
2448 3442
4842 2881
911 2643
1935 2106
4981 2460
4159 1576
2724 1060
835 3097
2648 14
1442 106
2278 3544
3612 338
624 1121
217 1021
2942 28
15 734
3878 412
2224 3367
1438 2174
3432 3144
1690 438
4086 2798
2981 1175
768 2845
4145 4628
1688 4962
3843 1139
3493 1963
3170 161
4409 253
323 1871
3313 3303
3701 3378
3506 2530
3512 4960
3658 3528
643 1701
1565 2620
4594 3371
3456 4541
2873 4710
883 3563
4201 708
4088 1863
3331 1319
3285 540
4488 200
743 831
2745 2505
2575 782
3553 4041
4144 314
761 3458
1702 1092
1282 4579
3009 1694
3142 4217
3821 2445
3311 2519
568 1918
1951 1394
392 1381
2569 3425
4630 624
1314 3694
1976 257
4547 4463
3068 4351
4238 4750
1414 596
571 4897
3206 1734
2084 129
2151 930
1498 1253
1686 2205
2233 864
4523 2173
2693 4608
3571 939
1757 4055
4211 552
3532 1925
3413 3963
3511 1809
1572 4755
2986 4952
4322 774
165 4770
76 557
101 3617
1464 2931
108 274
2592 2954
2083 587
120 2144
2522 2748
3966 3596
919 1309
3113 541
4906 1674
592 1834
1880 2070
4892 1828
2340 1408
156 2569
1235 2068
1357 2898
3587 3441
3321 131
3407 3775
3451 4881
2160 2197
2643 3938
1341 3513
1092 3137
3477 2416
1013 3790
1120 4751
1237 2154
1499 4011
96 4620
4339 2193
4985 1270
4921 731
3604 4431
296 4256
441 3086
3674 3075
2380 893
1730 4201
1231 2858
2112 4015
1519 1897
2858 2869
1573 987
3906 1852
366 3246
3789 624
981 874
504 4221
2202 1254
4997 748
674 4036
3048 1294
3680 1491
4462 3997
2187 226
3925 2472
11 3394
3290 2973
1066 4356
2846 1076
3093 3096
3735 2209
4881 3417
129 3011
967 4245
4814 3531
4062 3787
4255 2299
485 2984
4140 2149
685 2324
1761 251
3389 1815
962 2991
239 3234
346 1211
129 3135
2895 4302
3400 4626
4377 755
510 3633
1040 1523
3259 263
2722 3679
1522 667
2841 2542
2478 1241
246 2569
4949 578
2457 3634
1941 2540
3594 2238
2943 4586
4439 1043
4408 479
3625 265
1700 3930
4225 1833
4870 1294
2231 1810
4264 2240
4391 4315
24 3826
2629 1997
3932 4970
740 4514
3763 1751
3809 1929
11 3944
4630 1983
814 691
381 22
1873 4907
3886 113
1275 2244
4173 2387
4301 2731
2191 2225
3109 4812
241 1582
4740 130
1906 2822
1215 1336
4058 2773
3876 2557
184 4487
863 7
2163 522
3152 1185
3988 456
2906 146
4879 3266
2733 1458
3461 902
2339 545
2608 2824
930 3282
4363 1827
2543 4075
3421 4675
3316 3097
2694 1964
1350 2012
1395 3779
1407 2764
998 704
3301 4455
3577 1572
4258 4154
1312 666
848 1759
4012 774
4650 3487
1988 4063
1932 1111
3252 2215
3159 1927
1844 1770
53 4440
3942 880
665 466
3596 2953
1852 1011
4559 916
711 4666
1369 4037
2473 1160
2540 147
1938 1935
1250 2811
4435 183
1618 819
3007 2502
3205 2011
2761 2827
4057 3315
154 1821
3978 2904
3648 4815
833 4908
4639 122
1488 2210
1136 1845
1620 1521
4244 3097
4224 4922
3000 473
1127 2735
4423 4059
3626 2846
264 1027
4062 3615
1502 4467
1357 1296
1484 699
4144 1859
619 4403
302 749
4080 1499
4680 2560
1945 2810
11 478
2604 4170
3068 3404
1053 3534
2892 389
2473 3251
225 4705
4575 3996
3614 4846
4083 3747
2939 599
191 2936
504 804
3048 4265
765 523
4680 4163
2399 837
3578 4412
3234 2366
4750 205
1904 4069
985 3816
3379 4915
3732 1251
2859 1881
235 1419
4950 2676
3158 3745
3986 214
3502 4861
4939 3339
230 859
4152 927
3942 1330
595 3785
3113 1024
3451 3097
358 3832
3459 1238
4040 1206
4463 612
4372 4926
1007 1919
166 1462
3728 1375
2800 2242
4299 4224
2017 359
1894 3157
3822 3277
3155 4290
4376 2222
1141 3987
2791 3903
3369 3880
4324 133
3143 1248
3228 511
2597 1898
4185 580
4695 4419
2271 3538
1071 3698
3101 4197
1928 4006
712 3469
4497 3446
2583 4135
2569 3040
1291 4888
188 2844
212 329
542 4122
4227 579
829 4050
3390 1614
981 2630
668 2702
1520 3484
246 3495
1136 2222
2991 3814
2421 3678
1420 4568
4637 3135
4287 507
1937 3655
3376 3186
1697 4131
4562 3684
2284 2405
3280 2861
148 2203
1925 4978
448 3506
4099 915
793 437
953 3319
2111 493
4285 1642
759 2883
2933 2094
3327 4747
2789 769
594 1300
1430 4525
363 781
2341 4696
4818 3323
2540 4741
1868 3154
478 1187
2120 931
2998 1861
601 2025
4929 1389
1504 1540
245 2238
16 1561
3673 3919
3212 4730
147 4002
3593 840
4856 4900
936 2692
3170 553
391 4412
4260 3350
3682 996
424 186
1579 986
864 3439
1791 1891
1631 3170
4482 4158
2174 3869
1676 1330
2034 4139
3589 1315
2985 1862
3581 3851
2152 4972
1901 504
1727 2856
4932 2832
482 1474
4380 3805
1809 795
254 3086
3074 1327
4106 2587
4656 1854
4593 2956
1223 2949
1359 279
4143 2210
4515 1532
4011 2423
1128 3201
250 2557
4932 2106
3852 319
4294 1302
3930 547
4044 2918
1785 952
2445 1754
1896 3522
2582 2297
3959 4833
3175 355
3284 2849
3744 2892
594 4685
1693 2602
4141 4194
1673 4097
4062 4532
4249 519
4438 3541
84 4341
945 254
990 629
1090 954
3556 742
978 2636
3130 4543
3499 3612
1427 4165
3147 3796
124 4464
1016 469
877 1095
2883 2436
393 626
700 1872
2080 4012
1678 1225
3093 3079
1533 2253
2871 321
4048 4237
575 654
673 3777
2874 3927
2616 2315
4945 3629
3260 1629
332 405
193 3467
1756 1974
3475 713
2766 4786
138 1964
1035 4247
1140 4598
145 4306
2597 1631
3856 3628
1073 3004
3995 2876
2075 4462
2012 4586
3910 1889
240 2722
1118 972
3322 3477
868 3655
2327 3053
4823 187
31 827
4366 350
1972 4770
2924 1546
2927 186
3648 4508
301 2074
2487 2056
2350 892
2170 2509
4278 3335
3462 4738
2476 3207
2041 2552
1294 2454
1289 3144
4920 1067
550 4078
1777 3742
2991 1101
2019 4677
2828 3426
464 1145
240 2801
2341 3830
1146 569
1128 356
1883 4352
4294 1536
2362 325
113 1369
1634 4676
3548 146
3333 2442
2211 2862
2472 3673
2508 35
1428 2978
2874 1251
3144 3515
4455 4558
3074 262
1487 4110
1358 552
3972 436
3330 2399
3533 2019
4705 2729
1331 1902
3612 4979
1379 4804
169 671
3596 3198
3364 3520
1575 1214
2568 1317
612 4183
1404 461
2163 293
4864 899
1216 2817
2408 1624
1886 2944
2796 2254
323 3249
352 3122
4790 2838
803 1514
4663 541
280 1878
4450 2105
1275 1423
2520 2326
2366 4884
983 3492
2410 3604
4781 1548
4438 1923
4836 1269
4629 2162
3380 4003
4913 1512
1457 448
4159 4731
1127 868
2194 425
890 3697
1054 4599
4919 589
3230 4839
3247 2885
4748 4704
856 3895
1822 299
1696 3811
2590 3250
3020 1576
4359 2164
2983 294
3455 2780
4550 2225
1312 3418
2131 158
710 3681
2728 4309
3170 2119
4510 1769
4885 3426
1968 4267
1362 2240
466 2290
1948 1860
801 3695
4770 3610
1337 1515
23 1766
3776 2290
2197 385
1921 2105
3224 1715
4697 505
1944 242
4625 3922
154 1387
4036 2048
3435 3252
1844 4155
155 2515
2954 1582
2242 1365
190 905
3190 1418
1820 4941
584 2278
4860 2476
1476 1194
4136 3028
3295 4968
3665 2055
1206 197
3248 3468
4644 2476
3723 3893
4619 764
4412 959
2755 3620
3907 4516
2181 4062
3134 2814
4780 4281
1427 2523
2799 1384
2824 328
3936 1645
4371 1577
2986 3197
5 110
4023 717
4174 521
755 4588
1790 2114
1688 230
3832 4934
1320 90
2200 210
4612 3164
730 1615
1182 2367
474 828
2488 716
990 3955
138 1298
4500 4751
990 3527
1544 3102
4623 4079
3980 2058
3241 830
1645 1939
1233 254
3150 750
3418 1281
3552 1086
3188 118
3868 3423
1917 2943
1377 151
1036 1548
4861 768
1331 3060
2586 483
956 911
2828 4386
2250 2892
2787 3785
3503 4756
3691 1886
164 2817
2846 933
2868 327
552 2509
1123 4389
111 830
828 2214
3411 4670
2631 2808
1813 5
1117 1588
3366 979
4262 1068
119 4953
3330 2786
17 3503
3657 4190
908 1348
157 1838
1538 2541
4876 4490
3669 5000
1910 770
4431 3166
1431 3809
3649 85
2720 4884
1349 1475
425 1987
1134 2742
4032 777
3288 3481
4125 2214
2390 1354
2721 3975
75 2919
2514 2390
2343 3214
744 1900
4975 953
4985 4681
3460 4512
1429 3584
843 1692
4850 2515
1518 2995
2624 2940
997 2524
2446 971
3762 3756
1643 1927
3867 4221
4283 3241
3149 4602
1413 2410
3572 2932
1594 206
4685 1777
722 2541
1203 2035
521 2314
1545 4354
208 2208
3617 424
82 593
2529 2699
1106 4476
3286 97
167 2143
665 1583
2502 719
1017 1549
2283 2522
3332 1889
617 3384
1228 4262
3871 3325
3281 4327
1538 2211
205 3199
4427 3523
1813 3637
1027 2000
1488 1233
3797 3331
860 2141
80 356
3421 1506
1988 4380
163 4321
4050 4997
4253 1401
3203 4576
4316 3696
771 591
4637 3213
3494 3549
1076 289
1844 1885
3048 3309
192 2172
4270 4995
643 3273
3132 4821
3372 937
1918 3735
71 3344
38 4978
1560 4980
3968 244
1966 2601
3421 3905
3698 1720
159 4549
1581 4890
4235 862
2025 3013
2429 3026
815 728
4885 3952
1084 3541
1178 3132
4436 290
3207 4488
3902 3313
3815 2623
2198 766
169 3209
4697 3369
941 2211
1749 1038
2321 192
4253 1860
2364 615
1187 1103
4520 2456
3445 4162
4356 1501
1531 321
1646 1008
2447 2185
475 3851
753 2029
496 6
3057 822
3305 4779
1839 4157
4944 219
609 1001
1857 1492
4894 4589
315 4625
4312 3826
2976 2150
149 4087
505 2966
2103 2470
2837 3720
1691 588
1532 3407
2828 2243
2784 3210
4202 4582
2015 1560
2943 3748
2447 1075
345 3621
3694 1427
257 2837
331 4632
1425 2021
4558 1548
1203 4522
2858 854
1096 2867
4649 3028
3507 1570
912 2862
4519 946
3772 4308
2506 984
2078 4574
1123 1515
3378 4018
3773 4226
4892 4045
409 2487
274 807
964 1083
1397 906
749 4154
1351 3126
4713 2384
1518 1484
1009 3319
2119 200
1664 2210
1499 1829
4087 1985
1623 4550
1178 358
3694 3571
